1179357813816119297
1179312304426487808
1179284669164068864
1185504625203601408
1185331528345280515
1185291876452175873
1196582194573168640
1196522557014458373
1195699653335015426
1195479563226234880
1190904191335718912
1190858285307564032
1189770857817739265
1189706448537899008
1189620071674634240
1189920309979369472
1189784397580570625
1185555836502007809
1185332633892470784
1185272513556824064
1185510636979195904
1185315725558370306
1190590540959621120
1196820385385324544
1196701406822117377
1196655135566553089
1196498576710537216
1176748824469094400
1176614079135387648
1176586758638776323
1176552954553352192
1193834850983272448
1190360147475992577
1183627620300345344
1183456659898880001
1175080341821906946
1189881658918555648
1187259229486419968
1193895581950922759
1183041479138254848
1187322808529051649
1187289635191427072
1187385670647668737
1187355028555743232
1187321388392165377
1187216063819333632
1187079711442251776
1193837511421911040
1193635865387515905
1182821081436098560
1182799888305872896
1182717874382790656
1185317195045314560
1187036452472938496
1186951003956006912
1185335071668084748
1185302129134702594
1190357674413744128
1190357609330724865
1195647209016037377
1195485190841389056
1179415536507199489
1179385195222519808
1179303542038941696
1179089090500796416
1193708379442733056
1189872387136851968
1189705763096268800
1189654608458727425
1189606256509640704
1191701613066510338
1183046857364254721
1182976879285985282
1182778560374812673
1185331528462675973
1194471116162654208
1194400529822212096
1194352930087940101
1194331162564583425
1196796299514974210
1196725778618232832
1196539067325964289
1192758848538456064
1192694596930854913
1192631523033387008
1192568537627410434
1175378879533522944
1189922840423911431
1189822512496033792
1189813534881984512
1189782004335890433
1196784866219741184
1179291849976098817
1179147140544761856
1193697165136289792
1187408450013270020
1187328879033245696
1187321415378329601
1187304286528659456
1187244653277515776
1187146486645252102
1186793246061711360
1195507667487334400
1196796780966490115
1196728334463512576
1196609186341249024
1187391644917731328
1187284350913654784
1191600155981684737
1191519303733923842
1192805851670687744
1191695635231182854
1191464606264430592
1186731225672830976
1185502932114034693
1185315713076158470
1185264352368218112
1190560323025145858
1192843590864650240
1192774260160450560
1192661575309635586
1192633293067431939
1175212550109192192
1175187744710123521
1175160835204898816
1175128738536837121
1183755631620218880
1183705364925161473
1183562736476835840
1183534302253989894
1183527375298007042
1189910582645985286
1189733742757191681
1189705329220698112
1189691223365373953
1192604989853753350
1192506893522079744
1179360249775562755
1187046099531550726
1186987611103076352
1186856461542084608
1186841184225902593
1186830074873602048
1186809788128284672
1182778560454578176
1176769364474912768
1190445054109855748
1190441532933001216
1191750411272806401
1191717370903044096
1191712303898603521
1191691420337352706
1191659586572488705
1185406779582234624
1189893229140951040
1189873633751109632
1189794429936295937
1189677620394377216
1189649158027780098
1191733618424590339
1191626640461312000
1191487537354805248
1187357532148436993
1187230592615747584
1187227073657671680
1187145328962744321
1187065713095299074
1191518749347713025
1178714309570043905
1178553623267221504
1178382201131606016
1194647207665897472
1194566052908281856
1194401684618907648
1194397113255448576
1176871409248813058
1176852584386240513
1192838614520147968
1192786866690506754
1192655627673382912
1192629845718683649
1179360249750462464
1191449109003227136
1194661910244802564
1194600322683027456
1194455622865051648
1194367709577957377
1194357463652487168
1194646204325478400
1194636852419907591
1194585034990215168
1194357577955627008
1184419163068162049
1184229394858029058
1175453908745039873
1175412199063523330
1182917018930036736
1182715219094769664
1196729350894297088
1187372576898715648
1194592050798161920
1187049681387286529
1183430600004423681
1183062621517467649
1189901797432930305
1189705322711199746
1193907326144720897
1193905862844256256
1193885672802795521
1193596615409520642
1196809521043329025
1196809089344581633
1196549207479504897
1196753462488375298
1196698397761249280
1196585727779319808
1189049244625313792
1188921997507682304
1190632180470501376
1183723013864333312
1183653600951721984
1193862046183493632
1189921867668303873
1194271014596874240
1194160358203822081
1194117978951831552
1194098465862754304
1193970603826589696
1193970333688193029
1194320957663563776
1182978868057124864
1182892802851704832
1196784838386343936
1196739979009052672
1196676157971795969
1184335784779964416
1184311216354803713
1175394555992117248
1175111896548220929
1192739446183079943
1192558958147440641
1187415458724700162
1187385304858140678
1187098736243150848
1185324836912017409
1185282225287450624
1193576320866947072
1193502125545926656
1193469564773978112
1193463059022589954
1196817814876803072
1196740080154615808
1196673142908801024
1196499595590807553
1196496608868876294
1193885345387024385
1193697165056598016
1193611239924088837
1187039543037317120
1187038544986103809
1192785122363428866
1192682275734986753
1187414480193576960
1187411272607907840
1187391592342142976
1187293057655496704
1187284107891544064
1187145949644234752
1176770556693229568
1184261197903945728
1184260848342183936
1184260713537253377
1184173027170422784
1184518638470123521
1184269102296293376
1176830991165460483
1176830981975814145
1176768206847062017
1176753948797128704
1184512578258657280
1184495437522395137
1184469169007419393
1175393813847859201
1175221126882091010
1192603848105451520
1192542772399689730
1191436004286181378
1185585907358941186
1190563761532391425
1190624637564141569
1194641188596244482
1194440757739954176
1194423621315379202
1185531116238835712
1185257035815890944
1193622791049928706
1190646104372723712
1190495546722705408
1190424832883728384
1179208764962037762
1179173802565079041
1179092132012929024
1176756797153206272
1176606568705667072
1194648128319672320
1194559125625196552
1194523729457496064
1194341079962791936
1184319468446593025
1184311809915916288
1184263329499549696
1184513332486819841
1184458515986952192
1184438941568716800
1184412460364849153
1196697633005289472
1187322047799681024
1187145949539438592
1183701757077131264
1175334380518199296
1175428157928869888
1189705763071184897
1191612146699952128
1191475777566658561
1191437387152478208
1194669866432655360
1194429367608365057
1196775398928986113
1196770183752409088
1196489904479461377
1179434289533980675
1179424433620099073
1179409997639405568
1179354070395609088
1179334922944892928
1183678507706208257
1183635628875026437
1193878679086129158
1193820885507026944
1194521258689548288
1192824699794968577
1192797821214302210
1192712832602779648
1187083168047882240
1175256044332879872
1192754420909514752
1192692899122745344
1192639628135870464
1192606745404858368
1192583797268779010
1192505033591590912
1179343839410171904
1179248189947428864
1179135687343378432
1182747711671541763
1175438390793297924
1175379647237971968
1175158457969860609
1189941835453612032
1189932892614356992
1179404770773262338
1187039696284725256
1186972157655601152
1186940735951704065
1185337486488276995
1194623517733638144
1194612723998429184
1189749341495472135
1189693151914672128
1191620303186747392
1191708613208870912
1192452359781310464
1192429063559897089
1192428718863650823
1186957079518601216
1186950578540298240
1186918068183797760
1186881715983261696
1190276974230622208
1190025076705501185
1189996945101721601
1196823698742874114
1196681921687891968
1175161988093267968
1175139775138938883
1195579407907348480
1195515814578929664
1195495047686447105
1184511069483683840
1193885983395196931
1187386352368848897
1187372930101055490
1187228828491567104
1187139448229810177
1189850645664337920
1189621696548016128
1190451102468190208
1190449201685172225
1190363441883680768
1190323598180995072
1179443407724453901
1183772719999049730
1183754208765468672
1183727844675018752
1183524499406426113
1195612593391636480
1195514101968977920
1192851180101214208
1192819662901436417
1192572165817819137
1185943185094316033
1185763778018922496
1191552153850187776
1191516978122543110
1191495766763876354
1185218272142254082
1185084499761217536
1186430096934146057
1186349027555758081
1192594053654859777
1192531273216077825
1176700470624174083
1176615877602619392
1185883865816162305
1185869331181264897
1185707322003337216
1185682523390656513
1182803834399330306
1182738744480280576
1182715116296556546
1194612550903701504
1194580361872846850
1194483598692376576
1194451646228631553
1194428208931901452
1194379816188952576
1184519973735227392
1184291068306694145
1184180921907470338
1179420923868385280
1179218328478523392
1179211719555584001
1183729717582675968
1186263751911268352
1186248670854991873
1186229257376292864
1186095405207040001
1176470516212916225
1183691217160331265
1183588068995076096
1183458977201479685
1194621022416375808
1194620957639561222
1194432753342832640
1194412151500349441
1183880556645376001
1187010521784094720
1186983496327278594
1186978473245630465
1186960468172312588
1186792564956884992
1182866647998193665
1184374810647896064
1184297935237996544
1183702087999381505
1183554185759002624
1183488976314875904
1176726773989609474
1176668834041868289
1176656663027343362
1176602526449393666
1176566224936943616
1185536286679031809
1185341068004483072
1185308129820663808
1185303240075816960
1193901359499816964
1193890095339917312
1192654499049070594
1175170075311190017
1175157290296647680
1184178603711447041
1187090657787236359
1184411368834895872
1184312942025723904
1184260938364358656
1183437539383939072
1184505178969591809
1184415026561597440
1183760987117236224
1182736607658557440
1182728816378155008
1184323812164280320
1182548014218579968
1184487889482244096
1179188538396598272
1179096418042155008
1182801016066072576
1183605203393798144
1176632008610635776
1176594395971379208
1195748235064889344
1195638615528951808
1176886079586258945
1176853988119064577
1186959987760873472
1186856459885301760
1195436408640593925
1183679033021730817
1183582844808908800
1185778424037687297
1183706563720175618
1193875888808611852
1193866737290301440
1193452817631121409
1193332690881257472
1193252269027934209
1185882590915506179
1192086246904016897
1191948436746190848
1191807104719446016
1191758786958184449
1193566142633271297
1193492569751277568
1193333316742717440
1193495291980394497
1193478898941644805
1184172938771292162
1193357539146162176
1188082147447496704
1179119703924576258
1193457776036589569
1193386997676683264
1193223639195422721
1184134302092742656
1184129559584804864
1184039945087979520
1183882303497486339
1186669716854726656
1186471897359441922
1186437773164711940
1190214452618153984
1190047221502349312
1189961972994969600
1185932583454068736
1185694987377352704
1190798955518537728
1190698292088324096
1195450804989300736
1178505471617056770
1178455128715792384
1184968883226267649
1184899146039345152
1187886281772228608
1183025813513523208
1182811925471776770
1184111665631117313
1183802844891271168
1192077461581897729
1192046982464000008
1191841605742927872
1188636016229437441
1188511816995000320
1189206101222416385
1188938437816139776
1188926222681686016
1190967403812966400
1176499811274694656
1176489083448766464
1178514999280619521
1192118964064796672
1192114659387682816
1192091121696100352
1192068679070035968
1192060074438643712
1192022448042061824
1191778356490051585
1186281962086064129
1186228320071012353
1185968177404092417
1183619563486887936
1191963487397974016
1191838118313385984
1195476124136030209
1195442812008968204
1184124562738429952
1184098889621745664
1183888101409771520
1183840471002558464
1176512918302679040
1176222300804386816
1185210842398281729
1185162592110727168
1185139565440446464
1184969459347480576
1184968317318119430
1184900666952765441
1184136249730326529
1184126384622522372
1186619330341019648
1186528118728810496
1176470891405791232
1176455889068408832
1176267588160184320
1176245253382332417
1174997908619497473
1178654586434928640
1178646294686060544
1186300181609881604
1186297311984533504
1186060925910093841
1186044975575896066
1189226557568618498
1188854822533025793
1183163582902624256
1192120478837755904
1191873090139119616
1191831082892701696
1191804788675088384
1185693120538775553
1190786578618171393
1192460483133083648
1192426469114470403
1192426382460170240
1192255939581218818
1174860302002860032
1187814931778945024
1185166419060760577
1186425124725166080
1175054089459261440
1175041764073398273
1174956443100803073
1188079934847234048
1187796063618555904
1190240489049473024
1190153502779224064
1189972345978531845
1187271318288457728
1187148798084210688
1196885935931219968
1187897118155067392
1187879441940307969
1175372558109220864
1175183194762764289
1196696941171748864
1176272275215212544
1176247053623660557
1186308170509099008
1188255809379209217
1188137171166871554
1192491584522215424
1192445035834462208
1192437328779915264
1192243347022340097
1182509551058407427
1186606793562214400
1186598079430119424
1186532136028966912
1183895617078222848
1176477212435996673
1176385172314427392
1176359535650496512
1176333439450210305
1178676782469394439
1178424614361452545
1178391279828377608
1180519266875035655
1178635201553022977
1178601978374627329
1178590968095879168
1178588510594486277
1180487857426878464
1180470857413644288
1180442240113631232
1180258005243305984
1180183924636557312
1180175112722669569
1188418440559767554
1192433693996044291
1192254782477651968
1192154557628981248
1180270274241089537
1196922156539666434
1196868886894927872
1193558713577148416
1175100021290819585
1190257751785644032
1190062631752798209
1190060905289199617
1185245683810557953
1185137706122256385
1184970063373357063
1176544926496149504
1176512279937814528
1176498661104242689
1176471674801311746
1176470577143529472
1176395127654363136
1176337471363342336
1176247654583586816
1188039534027644929
1187829972423139328
1182707107101102080
1180497094181883909
1180262010845564928
1180260303273107457
1180495362894782468
1180373448746569728
1180259771603132418
1180227479144947712
1196908417648074752
1190700407112314881
1190938797170708480
1190893820004749312
1190709192564322304
1190290589545353219
1175055736856096768
1174979557473972224
1192444388691075072
1192332619318530048
1175054059402776576
1175024631197110272
1174956991132733440
1186736169918316544
1190696082608660486
1193557425841987586
1174933032173596672
1185058471210815489
1184895932623507456
1187962377431638016
1174935883054645248
1182604595358568450
1182552656734314496
1182369044424527872
1190989702553382919
1190968875875209222
1190794401284526080
1190743811036778496
1192102690383388677
1192083332009484290
1192076691545501696
1192075445321248768
1192032934691254275
1192022172606312449
1191913890294177792
1191873687747727362
1191794358590300165
1195748071692476417
1185151936003219456
1184918618045374466
1188236854946140165
1188229490603974658
1191993138602221568
1191927460432171008
1186202309564473344
1186140660639916033
1187054259528982528
1194019004341465091
1194002870200360960
1184134266680201219
1184000250257858561
1183835107926429696
1178625615991320576
1178524056787791879
1178454001366511617
1188880034385272833
1188911652449800194
1188881894873714690
1194193455322423297
1194095590029877248
1193989274326179847
1186655988159582208
1186573055147020289
1189145306958614529
1189041192253689861
1176537795592151041
1186670321232838656
1186655086359076872
1186615093515169792
1186430095331942400
1192476663977840640
1192374598093934592
1192256510258286592
1192216904800391170
1175037697259397120
1175025423442464768
1184128850436988929
1185181235267735553
1185147544533438465
1185143079625543680
1185041641222135808
1184994512134983680
1184888162893651972
1178679402458206213
1178628366091587584
1178595426729123842
1184106620546146304
1184085434613280768
1183894471307599872
1176244114263891969
1183933765548232704
1185569480866484224
1186684224096624641
1186630126290771969
1186532732249296897
1194014612817170442
1193961554284359683
1193935365838520330
1190590567186649089
1176292766227292161
1176247053523070977
1190936959327391744
1190788254293004288
1194019006275096578
1193980685809262592
1190285156449435648
1190256379333955584
1190227032933912576
1190159236107513856
1190080310156890112
1189998625352347648
1189957428844126208
1194164085132288000
1194015147850948609
1175048400322084865
1174856815701626880
1174839927508492288
1185193938065473537
1185172407625179137
1184942006155595786
1188603325102657538
1183160127752462337
1183082278093774848
1194083033747472384
1194041905190985729
1188497848981250048
1188224924281901057
1188155795243880448
1176532884007596034
1176515928026177538
1176244114280636416
1186679711528824832
1186594465684901888
1186530393924788225
1186427787139256321
1188102977963335680
1192128529758085120
1192073924521185280
1192015114322501632
1183148573359267841
1180233718423789575
1180186000502480896
1192059233623302144
1182624849103114242
1182501368965353472
1182439120213368833
1182431552459939840
1182408651513962496
1182381136988790784
1192024596440068096
1185725602873167872
1185697266398646273
1185696715132866561
1186320048023060483
1186276577753096193
1189120107248832512
1189050456938598400
1189001517174534146
1188997111116947456
1188904370856968198
1188884906102931457
1187029851221430272
1189152314982129664
1182693727166447616
1182606544975945728
1182587092595068928
1189157199576272896
1189127864349876225
1189089072918290432
1188980063712223232
1184359443225550850
1184162132579045376
1188522121926004741
1192070903217172480
1192046235575824385
1192035129411227650
1191989522243948544
1191951306564485121
1191888847153586178
1191874330243801088
1191795304603029511
1191774748986003458
1188794196687228934
1188510674030342144
1182573419667349504
1182543974227165185
1182433905716158465
1180458588776665088
1193979210559348736
1188835919706636289
1188768638565789696
1188764267476115456
1188639504850128896
1188543158105362432
1186149991787749376
1194279239425679360
1194004310247518208
1189067514900287490
1188894866710945794
1192006793972633600
1191908091920560129
1191802527286775810
1178607404147204096
1178518580574523392
1185197075467821059
1185137663831089152
1184968883398238210
1184954176410963968
1182707073013956610
1182663993015619586
1182579684867002369
1189167530453209088
1189162011898327041
1186583731974365184
1186490566944706560
1186391787478368256
1190237811259166720
1190125271694921728
1189996924272873473
1189972328660291585
1188248299289137152
1188185036522176512
1189164755472306176
1189152306077544457
1188999061371834369
1190308051330441216
1190303665401270272
1190184854991900673
1190061503006879749
1190030762860515328
1185221911569162241
1184985306149326848
1184958974573060096
1182594579431874562
1182350314432794625
1188118071292104704
1187957783720857600
1186681774987972610
1186572067950514176
1186495262073720832
1182601802228912129
1182557658613714944
1182438543454625793
1182404144780513282
1188826151675973632
1188593412720775170
1188587701924175872
1188537978907439106
1188851467253374976
1188510701192658948
1188621756921237504
1194214590659338242
1187052863631122432
1187050149182427138
1186830074865242113
1193328131861561345
1194571016233766913
1194557475955060736
1194353178143272960
1188897858138902536
1186313969713192960
1185925959008030721
1185700844785864704
1188219191746281479
1183414687981080577
1183278046859673601
1182596397725634560
1182585174183137281
1182514104931639296
1188781425438400513
1192072415599304705
1191884169460236289
1191787321101889537
1192438659531902976
1192161608216334337
1188847792590077954
1188824073482182656
1188781339757166592
1188648101139156992
1183423241118990336
1183315159986659329
1183138137993822209
1178552322840023040
1188823415500820480
1184079989450383362
1183941258164817921
1183916785172713473
1178689646575935489
1178643763004088320
1178564959426564096
1187910788180271106
1187830547537633281
1186069809689251840
1186068682688126977
1188322251852177408
1188231360739037184
1188477147373101065
1188252857503551488
1188239719844462593
1176240660359327754
1190263888920694784
1190229340396675072
1194299680290754571
1194246205225742336
1194229539892797441
1194200294848114689
1194105908290297856
1178671282818355207
1194151871562289152
1194087569396506626
1193960111817084928
1186256933491228672
1186310333356560390
1186068663344029696
1187896538498031617
1188018597773369345
1190062075999064065
1190059060504215553
1190050858555322368
1190039727187070977
1184904899722649607
1186311795084025857
1186254110317780992
1194260035955757059
1194246103052541952
1194241415221579776
1194149549679493120
1194009501139120129
1180474939599704066
1180338364446334977
1180257450538229761
1184063135625469952
1184058203933417472
1183999680679727105
1186280761428721664
1186243938501484545
1186235163681927168
1186087687117266950
1189905581617930240
1189887663907758081
1189646734378577925
1189625173630173189
1192460669121110016
1192426194085535744
1192408327860477952
1192355807163273216
1192311523361865728
1192234566569910274
1192160380942012421
1194255475640061952
1194242662628507650
1194101875857117184
1194064735840419842
1194060126476521472
1185221928979746816
1182667995090505728
1182640860644741120
1182501368965337088
1182467582244347904
1182440325203275778
1182435065588002816
1182364429855408128
1182353453508681728
1182542260812075008
1182380574209478656
1182706995545231361
1182662083713867778
1188067110657888258
1187849207824244736
1178621178002497537
1178437235147980800
1188493629846773761
1188276882501967872
1190788927902363648
1188266580783828997
1189186217083953152
1188888687008010240
1186524197977239552
1186401558113783809
1190221721397276672
1190062077760684032
1189858847420227584
1189705329128419332
1189654540016128000
1195496197492002818
1195474825650823168
1195717629387923456
1183315415663030272
1183159580311871488
1191676509788024834
1183129948367790080
1184132193645408257
1184068213581189121
1184057701694877696
1183853865843724288
1179874553100668930
1192945367651901441
1192912452507308032
1192851294794518528
1196920613459374080
1181245939853484033
1181207352915173376
1183141047444090880
1192952537630031873
1180197337907552257
1181180176199245829
1181202081421631489
1181103855372771328
1180955866209689601
1178589775579815937
1179760525783261184
1179738724801880064
1179639515641782272
1192467950026006529
1192399969195626497
1192258310541660161
1192141128394592257
1184691017477480448
1184614680054116352
1184522188084396032
1180146824658767873
1180099861078822912
1179990495558275072
1179916400217018369
1181135161917923331
1181027171428655104
1180967015445663745
1175509821468155904
1180021964682993664
1179859892229869577
1179833986723516416
1181608668707659779
1181279913367629824
1195927807907508224
1195862361053245445
1195820127423549447
1188136555413737477
1188102796941385729
1187812395336503297
1188800728871178241
1192044552011554818
1183402917996486663
1183320234624720897
1183176119266271232
1189572205077848066
1189468063424548864
1189415556778209280
1189557230699532289
1189236970121318400
1189234972990889984
1177573189880287233
1177372038329196545
1177269772284768256
1189425164582301696
1189253575794462720
1185217276217311233
1185041642409074689
1176198693185363968
1176139777315352576
1176103249017004032
1175910345229180934
1184701878094962689
1184625169144438785
1184614140440207360
1184545490886647808
1177712865563860992
1184774492368834561
1184705361363775488
1184525558614560768
1186648079203782657
1186536875458269184
1186448272103219205
1186361356645220352
1179780347350917120
1179552840437641216
1177730392117391361
1176178033310519296
1178329574909841408
1178261064405979137
1193205730268123136
1193142553253576704
1193045245581307904
1181206955521708032
1179899941843619842
1175579192748122112
1196908425751515136
1179744882782593032
1179717178511241222
1179708609044897792
1177609428754993154
1177551588627492865
1177357449294221313
1180178313287016448
1181243638774288385
1181172095943954432
1180498809970933760
1176177998019649538
1177640500951687171
1177191723455459328
1177012212789104642
1190959673396154368
1190818976529633280
1190774272203132929
1190693848277815296
1177169048246935553
1177130207557357575
1177114665836601345
1177009275023056896
1176964444091379712
1180105185269551104
1180071765248266241
1176118808903393280
1179031985211285507
1179024050695348227
1178925408152150016
1177325560126672896
1176192097550053377
1176003182960553985
1180929109213503495
1189341415618293761
1189303865482584065
1189230503381082117
1176089890968219648
1175885898166284290
1181026551393144832
1191351507842715653
1191305466502094848
1191293882643943424
1180902847204007936
1178300175590285312
1178073408657072128
1180431171404079104
1180190668787998721
1190142411139358720
1192400005455327233
1192337305555611649
1192229211626491906
1177612012370763780
1177541102250987521
1189578654508040194
1189569461193531392
1189240246912929794
1175788080726466560
1175721924468645889
1181530443138646016
1181499698278027267
1185230251489746944
1195859516698615809
1195754796529131520
1181263824076382208
1193191600467390473
1193111717804478465
1192962555586764801
1192914872343945216
1187677055829401601
1180153431069249538
1179912851009482752
1191220738319106048
1191220118916915206
1188276742332530688
1177933859251462147
1177146261247614976
1177028718918852608
1176953268339187713
1176936424106582022
1179087237637722113
1178949067155460098
1178844536140963840
1178832047697215489
1178786140880547840
1180167312214765568
1189592542607761408
1189439006708248577
1189322932843139074
1177938077752463362
1177704973683056644
1196106573229297671
1189289090023378948
1191419475175837697
1191401946990698498
1191318934328414213
1191140102954729473
1191127857726197768
1191070664347783168
1179018995070099458
1178961179512901633
1178800335042822144
1176102581774553089
1176042629693345792
1191375578110267392
1191312279259795456
1180990368004882434
1182682261130493957
1196027351877988354
1195976188449214465
1191401345619824640
1191397216893751296
1191372259404980224
1191367352975314949
1177626062202839040
1177568713060552704
1177534344342200320
1177377300968554497
1178996821387071488
1178937547101278209
1178794756303925249
1178765039114821634
1178094951583944711
1178084808074891265
1178030033941811203
1180049510170537984
1179930506282053639
1177549715967303680
1177435164017922053
1177380267121676289
1184606045240475650
1179714028492464128
1179447133826625543
1180172836809388032
1179966575509684224
1179832142634897410
1180301684729352192
1180258586125127680
1193105492467503104
1176178647272742917
1175912088713211904
1180035130343198723
1177211398830641153
1177118309189332994
1181518831983955969
1181504610776895488
1187753338370179074
1187574409562865664
1187510534146547712
1187505398791712774
1177159212222341121
1176933549284499458
1195362997729783809
1195275396842958848
1195191672537264130
1177299287807582210
1195382153422311424
1195299441802203138
1195115668116590594
1177211351367868416
1177033964269297665
1176148556345774085
1176116316685705223
1176030374016798720
1195357847598567426
1195319066686316545
1195313712736997377
1195296979003346945
1195267330135252992
1181232846113050624
1181205916739346433
1181169640506089473
1181361566874243073
1181618299727159297
1181610803109285888
1181561132462563328
1181234006412681217
1181221581961547777
1181158358537195520
1187676182717833223
1187675061433581573
1195365207859593217
1195350555863977984
1195086468361924608
1193175687772946432
1181596296597184513
1181505166002003968
1181430539120717824
1181252690552201217
1175557974271696896
1194984428822548483
1194939823150260224
1194850651706183680
1195375658039418880
1195289389234040832
1195138012558102534
1195041472938164225
1195375594864812033
1195353237911744516
1195319309679157248
1195234337245016066
1195113965191385088
1195111078453231616
1195076586338488320
1180162216160571392
1180140497656041472
1181181153325264897
1181003836468662272
1187492541484142592
1194702351753334784
1194686529819566081
1181505317491879936
1181495318128594944
1181479567371976704
1181273721136398342
1189579013699899393
1187695169862361088
1187509391517454337
1187508254198456320
1187494393734975488
1175753881793568770
1189557141365055488
1189552628159733760
1189512755868508161
1189313872706129922
1195358526408802305
1195276857140228096
1195132776565092352
1187758780622221317
1187733956290060289
1187664333007937536
1187462870424084480
1187592670442594306
1187440408449748992
1177110497625366528
1178978113042227201
1178969462365736960
1196085518045499402
1176203151663349760
1176180067581534212
1176163972103462913
1194948438980476928
1194769377217961984
1193215987799248896
1193083816308596737
1193012124584435712
1192967884613533696
1192941867656187905
1192862370932174849
1177529012761112576
1180172871622168576
1180014564332756992
1179912268189962240
1177732699848613888
1177721238745157633
1177698063038763009
1177662237231779842
1177631564412391425
1195136819005931520
1195115288607576064
1195093899464847365
1187779010098614275
1187512789717454848
1187487711822827520
1193037029531168768
1177960417160843264
1177941004395122690
1181612030006038529
1181577461810774016
1181368684033564674
1189594329762938880
1189567299801497605
1189553476646379530
1189486609735049217
1189254587603210245
1196405721761538048
1196399399313772548
1196246384757874688
1196232762501545985
1177221598295646208
1177185274763325444
1181546888031551489
1181509645850071040
1181346325784399872
1181282830870953984
1180877821356515330
1180839281381826561
1180593378343309312
1175677515941236736
1175558542654365696
1177763292875513856
1195295636687654913
1195149026020200448
1184665026201821185
1195361441873719296
1195319006124740608
1195295602084585473
1195061471606181890
1187711963016630272
1187695201973874688
1187586969485926400
1187456584760352769
1181614526174765057
1181366313173864449
1179700283334696960
1177382008185643008
1189492255142371333
1189483296612343808
1189292272254361600
1189251073573380101
1175757431743401985
1175738267884511232
1175470760552488962
1196067805759778816
1195861833112018945
1189572987864965121
1189552457858334721
1189338355399565314
1189313808340344832
1193089939900182532
1175616009442668545
1179084120204468225
1179042628127604737
1178951112696696832
1178832049286844418
1178747454923198464
1178740986543038464
1195028131121442817
1195009838998261765
1194945043842453504
1178974315590631424
1178787641413787649
1179883811687010305
1175457376624881665
1187492541551316992
1187492231588044800
1175813978498449409
1175788066776244226
1177113497748070400
1177028719132778496
1176211291729465344
1176190944879661056
1180854362270248964
1180661161412452353
1180593378423005186
1180539155836743680
1180521622479998976
1191384707608535047
1191363732653453313
1191338204747747328
1181414096341753858
1195354512036417536
1195319031970091014
1195273510362472449
1195133709462200320
1181242552638492672
1181183422884130818
1181144491283156992
1181057442060406784
1176154987296149506
1191160709163495424
1178945958387867654
1175469977140436996
1177547338165960704
1177468498231975936
1177432880491966464
1177348617880985604
1195026796850401280
1195020919422541830
1195020530811883521
1194807471715627008
1194786431220297729
1194779563735355392
1194690538001309698
1194678165823770625
1177965607939129344
1177698147486830592
1194995917876813829
1194967208239218689
1194952200516243458
1194681819502927872
1194676479780687874
1176955206464131079
1195003794033139719
1194926905293754368
1194983269961543680
1194970603851255809
1194830772114513920
1194771631337607168
1194732269254000640
1194690922405154816
1177191838693961728
1177191821606301698
1177174470336884736
1176892785351385088
1176158045367390216
1175893490724737025
1179055943692234753
1179014079714861056
1178890217245302784
1178823504030027779
1178766745584181248
1177477318563880961
1194980420905029641
1194931717582266368
1179736924711505920
1179541619269423109
1179485512329023489
1177599463902384128
1177528654147907587
1177490147178237953
1177396773960192000
1177382008252719106
1177339595010260993
1177331397834477575
1196039296035086338
1195861260782460928
1177966561132498944
1177720615039578112
1178254024530911232
1191380570934251521
1191056321199706112
1196457807563939841
1196403187474817024
1196293886370553857
1196481658305884161
1196460076132900865
1196457330994487296
1196425501260341254
1196110113125421056
1196083271597199360
1195858357283958785
1176208539741806594
1176110942649819137
1175908589535449094
1175871780319322113
1194931362245021697
1194824525550145538
1194717294628425734
1194682797417365510
1179769792573644803
1179452681225719809
1175557974057803777
1175557419142930432
1184838375980883969
1184791710624296960
1184737962552102914
1184524185688784897
1195030400504123397
1194934474053738497
1192992224419684355
1180085679105150977
1180055166608912384
1180048165443121152
1179981125738881024
1194848926110752768
1195348849260412931
1195233793151569920
1181356883149500417
1195137421136060416
1195055730539282434
1178272074906947589
1177920418684002304
1177071675197837312
1177069346990043136
1176994240636891136
1187487749139337217
1187452449575133184
1187416935643930625
1177541171087904768
1177470772220088323
1177374380348850179
1177344951115550721
1184727971657142273
1187477004125429768
1194993012163665920
1194967257492922368
1194954903879344129
1194738177824690176
1194727623282380802
1194677469682515968
1184858216024412160
1180407216471511040
1184824074478014464
1196048338019405824
1184758556387692551
1184562508184469504
1178786115458945024
1178774258543144966
1184775163763724288
1184608321162100736
1184568165180805120
1184542608187645952
1196067183106887680
1177787155587964929
1177698366878343168
1177667469919625217
1189495811794710536
1189243775375282176
1179777165661020160
1179611586073264129
1179553401987878912
1179519361930936320
1179504059096748034
1179029243390562304
1178891984922128384
1178732986273009665
1189559149723602944
1189341417522503680
1189246294142996484
1179071660961533954
1179003548505378817
1177723024973451264
1177262527052431361
1179761505249746945
1179745153730392064
1179481352003031041
1177599621406875649
1179037238820130817
1178983216054714368
1178714487114874880
1191344029180534784
1191298803510456320
1191263630991527936
1184677141566382080
1184616442613977088
1191403489127211009
1191149982910431233
1196421937163100162
1196389983826907137
1195941418801487872
1196115284484087808
1191370634514833409
1191316477682446336
1191160709142450178
1191390088585986048
1191357147201916928
1191330107467673604
1191300569245323264
1191296782493536257
1178823503770013697
1178771367916949513
1178155648565026816
1179790923632435200
1191056338224328712
1190062075973971968
1190298092152729601
1194979300337946625
1194952181855739906
1194673369951670273
1184683467545681921
1184597804657860608
1184571731924660224
1179755509580271624
1179453956831006720
1178236073203437568
1178034169785524225
1190180179261509634
1190042461219033088
1179662583181258752
1179569015037009920
1179493572141297664
1179714028492513284
1179607845316243456
1179531415920267265
1179515007933059074
1179512276493258752
1180622024105959425
1180620867119845378
1196124592244432897
1180834477674782721
1196431477396914176
1196351066343976960
1179730950089056263
1179706622878330880
1179686076438519809
1179578594089209856
1178155073534332928
1180796534637649920
1196401921218764800
1196384735930531841
1196469859346997248
1196204340656119808
1196464334634917888
1196453609443151873
1196414528776478720
1196367875403112454
1179753004620226561
1179568439276576768
1179524689753976833
1179494162594500608
1178214751329030144
1180837407622680577
1180628496642695168
1196416762843140097
1196375675772579842
1184844263152148482
1184583731111174144
1184533481658957825
1184533285575319553
1196232230579953664
1182169742192320512
1182004434005581824
1181997614205751297
1181955028401184768
1181906659729448965
1181883939541131265
1180575939874426881
1182347734558412800
1182245389078073344
1182233132839440385
1196453030767579137
1196452137242374145
1196447594123321345
1182212335919865858
1182072529025937409
1180775799273725952
1180763872258658304
1180622024290508800
1182322235937349633
1182317916638892033
1182268174869381120
1182093347193794562
1181993035699294211
1196249344531415042
1182284248734162944
1182248102809493504
1182240004912947200
1182282686116896768
1182069040291950592
1182336188625108993
1182326118440935424
1182270672518733826
1182035002827128833
1182223932323180547
1182226546603376640
1182129068822716417
1182070172208828421
1182062524541362177
1182273546095136768
1182309676660248576
1182281098216251393
1182256350690193408
1182160436948590592
1182028198831427587
1181997605930307585
1181623664753758208
1181654923232059392
1181969410493489152
1182040838672719873
1181734542358581248
1181738638587125760
1181681770854539265
1181886796902342656
1181874195355058177
1181852400308629504
1181984437938147330
1181834760039145472
1181724521906266113
1181772164938293248
1181915169745715201
1181645283777814534
1182331730356772865
1182291537654362112
1182195582825324544
1182014135871180801
1181965832701775875
1181935970779881472
1181903033992699905
1181892509007523840
1181729205949730822
1181712846901714946
1181979644263833605
1181948258639323138
1181944419907510273
1181679267521990656
1181733959065047040
1181719777666093058
1181637207943254017
1181675501317959681
