1184429267620368385
1184257755437252608
1184234019933884417
1195540111473156096
1195490529330507776
1195451733918593024
1195405935113625601
1196823742590210049
1191001483929702402
1190726900571873285
1190711193956241408
1185562509564137473
1185340501119193088
1185287795868393474
1185271510581334018
1185577832891736064
1185552810785591296
1185329574860730372
1176833833439772672
1176813753645576193
1179190275509538816
1179142495856418816
1179136565798473729
1190405999162773504
1193876329005027328
1193749894151966720
1193699393444073472
1189644644394721280
1190647471069892608
1190626112877019137
1190389244096897024
1189887347342622720
1176859971608354817
1176645301957988352
1176629676435001349
1190620961495797760
1190355584320712704
1182761276063322113
1189925329118416897
1189859836692971525
1189731561840791553
1183781155822297090
1183745077459521537
1196566361654337537
1196556374861393920
1196540584707710976
1196488451358699527
1193892342824079360
1193694193027297280
1187187480522559488
1187093951318298624
1193928412278198273
1183037837404528642
1182745559649656833
1182740026125443072
1182729802819756033
1190430010739437573
1190400441412141056
1187416391089041410
1187072585617555457
1193913202737917952
1193881787459624960
1193736318544683008
1193720034809589760
1193678506586255360
1186819413523259392
1187021557945765888
1186994835452055553
1186824919587414018
1186786952214974471
1194659707803316225
1194401493388013568
1194352495272898561
1194337485830213634
1194334734404509696
1183787237152083969
1183576751324225538
1185511394126548992
1195746183194587136
1195507887327645698
1196818129516736518
1196804418496335873
1196799146231042051
1196786742126358531
1196588687884206080
1196561411369046023
1196535452993490944
1196514680438743047
1196482812372815875
1176862768114339846
1176688771036778496
1176576646784200704
1193570377361965057
1193554731651813376
1193310749239783426
1193284223874019329
1175417771708035072
1175247884540895232
1175226596367785984
1175205320018333697
1175184323626065920
1175105071740313606
1191733686980554755
1191491630106337280
1193897448630034435
1193709756483035136
1193623546976706562
1179380698513334272
1179350720698621953
1179185487279460352
1179145212469415937
1179124844094509056
1191702503882199043
1191577941794312193
1176522371928403968
1175073722400686080
1185604577250496519
1185362573400662018
1185282518234357761
1190454080323358721
1190413298325475328
1190324262441238530
1194641657867706371
1194622602498719744
1196837307686494209
1196765586283470848
1196578377345486848
1196497849674063874
1192551995946807299
1192516277174181890
1192662706685431808
1192506443322347521
1189743399890563072
1189638123162079233
1175439539629973506
1175173413062795270
1196828050022948864
1196642572309016578
1196626384271085568
1193933834791849984
1193907765942607875
1193871596622155776
1193866530683019266
1187333705955717120
1187110282948161537
1191738883354058754
1191536726633779201
1191503145437974536
1191486519544107008
1191439893873991680
1195724726091563009
1195502848521506816
1195397513890684929
1190600736029233153
1190377837758439425
1190360871802937346
1196508958934097926
1192817761136861185
1192597704410615808
1192525603175567360
1187354992191127552
1187177093152563200
1187135537423048704
1187114637902471168
1187104748983463938
1193385803780698112
1193369572608499713
1193326791093575681
1193289273069514754
1193277406792077312
1186689595989204994
1186374708477988869
1192667493422252032
1192619696954183680
1192570918729637888
1185003352754708480
1187048167713464320
1189877137488125952
1189875522018390021
1189704551693266944
1189673144484847616
1189650086579646469
1185547543368867840
1185542233853964288
1185319046826381312
1185249631921496066
1185603681380634625
1185532055431593985
1185276960647401472
1175423154845618177
1175412440823226370
1175380626494697480
1175140994855182336
1183715319451475968
1183709967565705216
1183521819313295361
1183438481915351041
1187009459392057344
1186813749073719306
1186802519059652608
1186743693866360832
1179426111169744899
1179360922810408965
1182838267772846080
1182824418520817669
1182859170774683648
1185351453361295361
1185334732059488256
1185299768404271109
1185588184455012356
1185572732618051585
1191718200184061952
1191474110905356289
1191458966896861184
1191452845981229056
1189937011475525632
1189898137621712898
1189870295634583552
1189720874099851264
1189667831144763393
1189632423446876161
1189624556408987649
1189710242613022721
1189683309099520000
1189602856933957632
1193562369554817024
1193300028833570816
1191766936440492033
1191726301092237312
1191562120271450113
1176884170129362945
1176868094356185088
1176824027035426817
1176678866573844480
1191761864105050113
1191754701152358401
1191557090814414849
1178713671704465410
1178635841721290752
1178384254994178048
1194646980372422659
1194601855864754176
1194465971664302081
1194313830903492609
1184283156603703298
1175391036107034624
1193519664661438466
1193266773900058624
1184272481944788993
1184267829551472640
1184266619780026369
1184246592787943429
1184229670562205697
1184168455446155264
1184163452111261702
1176843920380235783
1176704548221652992
1176661216124690432
1176619352398974976
1176605198770483201
1192838807403552769
1192833728567029767
1192608858847481859
1192557521074040833
1192128158130196480
1191946785620725761
1191925431240417280
1191844213861818368
1194651867705425921
1194347592420868096
1188833910983139328
1188818311322263552
1188807680145657856
1188646059280605184
1188582315427020801
1188539645354795008
1188534250087309312
1183064492369952769
1182996101139447808
1182974490395009024
1182848342671446017
1182792741895528449
1182765859984592897
1182718707803537408
1189950671681998849
1189882506385985536
1184494551010025479
1184468284839813120
1184312968831524864
1184285438288240640
1184273431279423488
1184218547372941317
1176894405543940101
1176579421379211264
1175369950862688256
1175406941306331136
1175215994832375808
1175145506667945987
1194630325617352712
1194434023214518272
1194417353582370816
1194412030901596160
1176698860015689728
1176666523840241665
1176624452412551168
1176584582600085505
1196571639095410688
1196492461457235968
1187057428787007488
1187004513938542593
1186702563699253248
1190631471725391873
1190465754161975296
1190443091620253704
1190411549313253378
1190345796182593536
1189224189410107396
1189135008604266498
1188890459650887681
1183032612572585985
1183012190984527872
1182826356373106688
1182813875579871232
1182734691603861504
1192630527569932288
1192546285594787840
1196810552531656704
1196789195940888576
1196770703023988736
1196594421539758081
1196503343381790720
1193902918774247424
1193741549999476736
1176671792716492800
1184473335813607424
1184279342932725765
1184275449360334856
1194652199202312193
1194611990054023168
1184499832729358343
1184489023093510144
1184483640576741377
1184462959063511042
1184333368529477634
1175428575970889729
1175385892413947904
1175178814835634176
1175168120060895235
1175148669127016448
1184251912369168384
1184207358492397570
1184179596939419649
1193544131886419968
1193374964264701952
1193251148507045888
1192799557903691776
1192784481683410946
1196815603719385088
1196576551007113216
1196520249073524745
1185593806936330241
1185372389321924609
1185346368539385856
1185308537985130499
1185254705087369216
1183720672922689537
1183566131505831938
1183474376609546248
1183448925531004929
1187359762763190272
1187338856598769664
1187214273149313024
1194358146933907457
1194308655740575745
1187032711900356614
1186847899788992513
1186764754733457409
1186733630154006528
1192624889561276416
1192501902325567490
1183006994619351043
1182979903865737216
1182814717770903552
1182771283764887554
1176854661300727810
1176839227407044608
1185598964797718528
1185367201118937089
1185334671053393920
1185289158786473984
1187166137764794369
1187130476571615232
1184434367495655424
1184309238967001088
1184265902105268225
1196795559593553920
1196790344635109382
1196530385909354497
1175396298981351425
1175364489316900866
1175265370128683009
1175231837217742849
1175200035371454464
1189913774423232513
1189733184415641601
1189726261020676097
1189688678878240769
1189612308185714689
1192789636646617088
1192651990477750274
1192592663142375424
1192536395463745537
1184454578588311552
1184424088409989120
1184312393792475136
1176676451820691457
1176650510058819585
1176634787290845184
1176566436086632448
1191572676143407104
1191519660463800321
1185721862086639616
1185711282181365760
1185700707334328320
1194654732725436416
1194461109740290048
1194455707309035520
1190663326029750274
1190652551240331265
1190606154352791552
1194648184749989888
1194590959318831107
1194476291233402880
1194390796205576193
1194329365087055873
1185388120851779584
1185294561582682112
1193731023038799872
1190448561261043713
1190383367956631554
1190350464447070208
1179234310542544897
1189955832970174464
1189864893735985152
1189748587825111042
1189699385493458948
1189678147228356609
1189662354826579968
1192271661669765121
1183058983420071938
1183016847043649537
1182804087252881414
1184190552864153600
1196833241317163013
1196652929484234752
1196492092907888640
1176878674211213312
1176829244099497987
1176571156645711874
1192802528636874758
1192641519523713024
1192587469906165760
1192576107222093826
1192564079279443968
1183516689432010752
1196786308636655622
1196632009998766081
1196610633187364866
1196551060250353666
1196545698415677440
1187380414471643142
1187125320614371329
1187119764625350656
1194607290856423424
1194428607269154816
1195523583256215552
1195465344334417920
1195400610281148426
1183725722675879941
1183587646754508800
1183442641989574656
1193714957529038849
1175434140315004928
1175375280363491334
1175194613759520770
1175163003131650049
1175157333510578176
1175110396434423809
1186728224442716160
1189931281397751808
1190657816270385152
1190616295387127808
1190611252420239362
1190590021159522304
1190470395637510144
1190476020098510849
1190424439504146432
1194647705072676865
1194636482004357120
1194585799066619905
1194450166155223046
1194439492507242496
1194406760834056194
1194324023020326912
1194319369762983938
1192848984181747713
1192807035278184448
1192636280867299334
1192498580151558144
1187369644128198656
1187193139926306816
1195497489459224576
1195485474187599873
1195479739873603585
1195458154684960773
1191697268258299904
1191692166399221761
1191686952329854978
1191567438036578304
1191525105375076352
1183001477004038144
1182990670270738433
1182985326568071168
1182812214975176704
1179396180410810368
1179163176652414977
1189939809030156288
1189918958062886913
1189715300666761216
1189693906977533953
1189657057240190976
1189617637988417539
1179433983777615874
1179390555979227141
1194657678716538881
1194627848767787008
1194596418142556161
1194385060167745536
1194342626633359360
1191749207473958912
1191720908794351616
1191541825036865545
1191434556244664328
1189643614202322944
1189619182125637632
1191731407837683712
1191514315062419456
1186989541246341121
1186971503507709955
1186966391410364417
1186853678466191361
1186830750169128960
1186708085341065222
1190286370943721472
1190051287238397952
1187412105898713089
1187391115374333952
1187202745616490496
1187149909360893953
1187088340719415296
1185260324984938501
1175237044592881665
1175221136017231872
1175131229890469888
1193294830836867072
1193278765574561794
1195561558685949958
1195550761687691264
1193887060572168193
1193645366958284802
1191712941265035265
1191481402858102787
1195740870177382400
1195714339879235585
1195566832423489536
1195545656699576320
1195411134104383488
1195730223523868674
1195688814087462915
1195556128811302913
1195534407190360065
1195513249925672961
1195496033314320385
1190673826889293825
1190584595055611904
1190340719162089475
1190642281692516353
1190595319395946497
1190460302040678400
1190418955829153792
1190394861901484033
1190335067152932864
1190329676792844288
1185557527775371265
1185537156263137281
1185521539959218176
1185393940020813824
1185383036235505664
1185303135901892608
1185265948162510849
1185684956007284743
1183699228033540096
1193535257716412417
1193509373936574465
1193498618021531648
1185755183478910977
1185705981122097152
1185679412722917377
1185637056418140160
1185621048219361281
1182806632792760321
1184317013629505536
1196824199115018240
1196809717735206912
1196775955311874051
1196615777845235712
1196525547553247232
1192828547586568192
1192779251801624578
1192576321953636355
1192568794193022982
1184518629582426113
1184449754480234498
1184312591482535942
1184282003719573505
1184281196303286272
1185952035398717441
1185920792237953025
1185716670855290880
1185673793391517711
1185663183102627842
1184201680918929414
1194663467749388291
1194631140704829440
1194471099267989504
1194423096507338753
1194379350277337089
1183027475565158402
1182787369688272897
1179428430561120256
1179410444295004160
1179409699843776518
1179365719991042053
1179151826526117888
1179105013127417856
1179094822902276103
1179089667100217344
1187208562130505731
1187182602295349248
1187099403909242882
1187401904730628096
1187077288275386368
1187067279336448000
1185567237601714177
1185526788384083970
1185516497793368065
1185377757448019970
1185324267426209795
1183571677310943232
1183544507201196032
1183500997215301633
1179436908788756480
1179415598016667655
1179375974766567425
1179206939311562752
1179174387951525888
1186329918168338432
1186129060474380288
1186070082365116420
1186064724225601538
1186032401111306241
1179228792964956162
1179121487728513026
1183750187971436547
1183729649353924609
1183495384049639424
1183485361932165120
1183469356006727680
1179146138944987140
1179130454500429824
1196637244989329409
1196621109992574977
1196605069577379840
1196599778567737344
1196583667314909187
1184101328538210306
1184072273877196800
1183828258770640897
1194363609876500480
1183822518383267840
1196781045468815362
1196760352052195328
1196647782091829250
1183022357113442305
1182819859442421761
1182755954120675329
1184503308167368707
1184478558007255040
1184295101104824320
1184287735617609728
1184281456245391360
1184224058596118528
1184212917031522311
1183048496921960448
1182850541363302400
1182782087427960832
1182776768475881475
1182750640067534848
1182724344893587457
1182713064606654464
1183765544497041408
1183464401371914240
1184444646195388416
1184326999881519104
1184278664478937089
1184268313439997955
1184253530795905024
1193920786848980994
1193861204424429568
1193683769326215169
1193650510273941504
1192773845796708352
1192657241410822145
1192540914062962696
1192521029756870658
1190675801840201736
1190437758550102016
1190418710999289856
1190366519563313157
1187374924605902848
1187344258052841472
1187171429009244160
1187062450677600258
1175253283239288832
1175242483657256960
1175189436079988748
1175136655298179072
1183775792217677824
1183740014640926720
1183704583715131394
1183549793794248705
1183511528399605760
1183490498897555457
1183479812561756164
1183442210341228545
1176889050726371328
1176640072185257985
1176600197100646402
1183786609638023169
1183582473290223618
1183538822157606912
1183459082289766401
1187396649963929600
1187364555602694144
1187197180211277824
1187160949922435073
1187155254468628482
1189924063789105158
1189892835597856770
1189651709531959297
1189608448104767488
1176907567517360128
1176849307317821440
1176613875078377479
1176561661957877763
1182694926502502400
1182680055643889665
1182626613038596103
1182428668955680768
1184457450155642880
1184303063210872837
1184295397474340864
1184290008301211648
1184244587793174536
1184239167750000641
1184185183618174976
1184184849780875264
1176818916192116736
1176693512588419072
1176683513594241025
1176596325540016128
1176558145365323778
1192794953849683969
1192603171622965248
1179355839066513408
1179110500745056256
1188507610510745601
1188446828175474688
1188262214177841153
1188257101279301635
1188246413974691840
1188171669535449088
1188155967113961472
1193261587475423232
1183792765680934913
1183770738890854405
1183755037010513921
1183592735288315904
1183506270927675398
1195683447571922944
1195518433418514433
1195422118982369281
1182864818723872768
1182833197203243008
1195699386086498305
1195694084444303361
1179441998849335303
1179420985310748672
1179406198128467968
1179401308220080135
1179386006262484992
1179212519296192513
1179179980711960581
1179115690021855232
1179099930377555974
1193628781950443521
1193595968819810305
1187042942327885825
1186984461327589377
1186836403654709248
1195735420539146242
1195719464219754498
1195429802074918912
1195416590688362503
1183454001800601601
1183447815315480577
1183416887805386752
1183363302505811973
1183196142387040256
1183183545331785729
1183133395934765057
1193915057530441728
1193704476693188608
1193634313193115650
1193608476192325634
1193601890019430405
1193586967159676929
1183053544414502912
1179370446090854402
1179168890934497286
1191547052003659776
1191497377603080192
1193514411899662337
1193359192050024448
1193348229330591744
1188135242986590208
1188124428871307264
1188102999828238336
1188086636099313665
1193524770266140672
1193380386786697217
1193364409630019585
1193337174843961346
1193305684512776192
1193272188041867265
1193240175595474946
1186842183971852289
1186792110642618368
1186722546667925505
1193321438427652097
1193256332725489668
1193229682008842242
1193923189103112201
1193639850869755905
1185658015149690882
1185652352273006596
1185647647962681346
1193316366159405056
1185941162844180480
1185928859490934784
1193391047784697857
1190753996337745921
1186488884877811713
1190291857772814336
1190012549275754497
1185958315416805378
1185946540034146304
1185895263292067841
1185765282289192961
1185754365157658630
1185738919503118336
1185626659422117894
1186999942444994563
1186739124214087681
1191468887675752448
1188130020457439232
1188065523432591360
1187896940798926854
1187790267774050305
1190996088175693824
1190981499966906373
1195751415077130241
1195678317732597761
1195673201814179840
1195452944344371200
1185182593601490945
1184997644801847296
1178697647579901954
1178692125472575488
1178641102984957958
1178625557124308994
1178489995738406918
1178479320764997632
1178468792323727362
1178447180492881921
1185209599437213696
1185193566286557185
1184929986710593537
1184924909014634496
1185615523582746624
1183217345227100160
1174873114980864007
1192123491413348353
1192064743521038336
1191904077594140674
1191820795842088961
1188558573955100674
1192432630236618753
1176506144791126019
1176467006234726401
1176461906296676353
1176275307059437572
1176218318174334978
1190824954130059274
1190797537764159490
1190700522308874241
1189160175812403201
1188939788193271808
1176286111699787777
1176265550223282176
1178676905270272000
1175063200745820165
1175027477661589504
1175007361066504194
1174839631801737217
1188097621916835841
1187869319277023233
1187858161966944257
1187846781733879811
1183760311960133634
1183735046907281409
1183560822020329472
1183555273522368512
1183533342463086593
1183527829721534467
1189197496440020992
1188962461518585862
1187930312531238914
1187808939255025664
1187797993946308608
1188839182040477696
1190070078928236544
1190023929286602754
1186332995080376320
1186311054311202818
1186124161879552001
1186118656633249793
1183927073737457664
1183877188648615938
1183865432597565440
1194064919731359746
1194014764051116032
1193960891290660864
1184106890319597570
1183948311834836992
1183938411239038976
1183905461520797696
1183893524082810881
1185182448218451968
1185179245980598272
1185164621667278848
1184914136955838466
1176541686522163200
1176498499497725953
1176482933424701440
1176456595649245184
1186348076325359616
1186413542624419841
1186262003842801664
1185974161098919936
1175079113712918530
1175002037358145537
1188848378685329408
1188640493044932608
1188613697503223810
1188512836726804485
1183427903649996802
1183395930982236161
1183380510644559873
1183368468797759488
1183358017779183616
1183144196821131265
1191006802655268870
1190814169362313216
1190737539805720577
1190689911164276737
1176511276090056710
1176259983626907648
1192446282717179906
1192416883594715137
1192265710359195648
1192231871591178240
1192217664208420864
1192160593060478976
1186687202912342016
1186660402064740352
1186649021257003008
1186471969451102208
1186445966964150273
1186429925206757376
1186412752300105728
1186401402412769285
1186369437328388096
1192843823388475392
1192823171990392835
1192812260852453377
1192646693403209728
1192563042132938753
1192511203278499843
1190313080418385920
1190238184711622658
1190061444190154752
1189964635283345409
1185238543507046400
1185031540138545152
1185011450231840769
1184987951605977088
1184919723173171206
1188113735065440260
1188081460533747712
1187841247853142016
1187785518114922496
1186284341917302784
1186256950293651459
1186251655106437120
1187407037237518336
1187328313938862080
1187141246592131072
1187935998761721856
1187891582768427008
1187825373561741318
1188473937950367747
1188431345544024065
1188177269577175040
1187819746491817984
1187814121330356229
1186612200481480704
1186598488815144960
1186483480600948736
1186338151654187011
1176334676098768896
1176244665458331649
1176239627189018624
1176233630647169036
1186281617653927938
1186235983399915522
1186102808199794688
1185979588834418688
1187322970139746306
1187197161232130048
1187082954146746377
1184133685701947392
1184116809768812545
1184101811160047621
1184085570735296516
1183838173069271042
1183817583918759941
1192454963416449024
1192449008532369409
1192440886489239553
1192293100426842113
1192244989885132800
1192200943401668608
1192144168367382531
1184090926668492800
1183916793892618240
1183854790792622080
1175401847525433344
1175210848970792960
1175125777077153794
1180469974156091392
1180299415065649152
1180475059682598919
1180464830471446529
1180453994977779714
1180271620369387521
1180180261637693442
1192464963442532356
1192437896197935104
1192427388128370690
1192282302954557443
1192165803644399617
1188460975843876864
1188214883223064576
1188150485641039875
1195529196082204672
1195435170352050176
1196882205525598209
1196859220647383041
1180249848337125376
1180209011515428866
1180196257257705473
1175050897329676288
1174883681024000000
1174867931840356352
1174857103640530946
1193581907721801728
1193549687212662784
1193529985241436160
1193245591255601153
1193224244336967681
1190222329911140353
1190090096730656768
1190075345350922240
1186314091582951427
1186013338452529153
1186001856406937600
1185986566805692418
1191038085829668864
1191032593866731520
1191017187961704449
1190961901804625920
1190791951303491584
1190759555887763456
1176547168477503489
1176329722986414081
1176324011468439554
1176308514484105217
1192276800489099264
1192139101304238081
1188119083113431041
1187924668830892032
1182637273382359041
1182459455847489536
1182400420699869186
1196869392035917824
1196863945635745793
1180517666299289600
1180304983050395648
1180293627257479169
1180260642588168192
1180315288409186309
1180282267240939521
1194050432106143744
1194025069330280448
1190786475270520833
1190775600585281536
1190705998207561729
1190270672028807173
1190260292460130305
1190248628843163650
1190040700739637248
1190035217513435142
1189959502319276032
1185905494713602054
1185642501715169281
1175061249509474309
1174878303284600833
1183411688017674240
1183406613664849920
1183207040971354113
1183201277515354112
1183165800787709952
1192460315608399872
1192287979785662465
1192243212259340289
1192211590357106689
1188843000467787776
1188666692509016064
1188597023257309188
1188561269009387521
1185235103028568065
1185203977220247552
1184965044561424384
1191022320200175617
1190819472824770560
1194275359283392512
1194270017514332160
1194081550364823552
1191884043073314818
1191836777348304896
1191793636926803969
1191779690945617920
1191767670393384960
1193503985619152897
1193342719843807233
1193331964939558912
1187053557071126530
1187037881577160708
1187019739324932096
1186797255866621952
1186770367504891904
1182446086268567553
1182388691056107521
1182383458968055809
1175068386730098693
1186241017407778816
1186027197645164547
1185991622451970051
1186638209364758528
1186603687428448256
1186407167907287043
1185148762324426753
1184992117506088962
1184935069783351296
1184891982394593292
1192126237084463104
1192099304497909760
1192059498841681921
1191898621815459841
1191893431402008576
1191826602121977858
1183433252264173568
1183390792238485504
1183373809782534144
1183352665532710912
1183212266965086208
1183154476003266560
1186781455197839366
1186718842233466880
1184083094334296064
1183849117136629760
1183803077394096128
1192108927900631042
1191920176192741377
1191888112047284225
1184153014543831040
1183882454861598721
1183798263637512192
1194239030990426113
1194228454654447617
1194098247884779521
1194030413221679104
1175022045559762945
1192083267857588225
1191909493535367168
1191860668837900290
1191778173530361857
1178500814790414336
1178389825348608001
1189165122184531969
1189139654068625408
1188983401937682434
1188918067469963281
1188901696422010887
1189218820285706240
1189175848533942275
1189009875633922048
1188940040426217472
1188869195049689089
1186622730713686016
1186379989270388746
1186363750540070912
1186358303540072448
1186353230135119877
1189202529810296832
1188978097854525442
1190275580262068224
1186654948492222464
1186467857284190209
1186385415709876224
1192206419266850823
1192176565632811008
1185037404153040897
1185020282479792129
1184948720271609866
1184908445264351232
1176493257267843076
1176472327414046720
1186424316512165889
1192113643112030214
1191804659750653952
1182672133895393280
1182656730544537600
1182631993638641664
1182372348722323458
1182368940862902272
1184136663552974849
1184128277813891075
1184066941775941633
1183942605895360512
1183921959870046209
1185582990862229505
1185313633657597953
1175094974003798016
1175089470015717376
1175043288925167617
1175016878319788033
1174894630443372544
1174889180050206720
1186692364422832128
1186632884947435521
1186391030385532928
1176297697764106240
1176517831262949376
1176488013263773698
1176451380644634625
1176318917251424256
1176313303267778565
1190668386960842755
1190636895593742336
1190372195761086469
1194264588356898816
1194070444229435394
1194044817359167488
1193971702109216768
1192469822480752642
1192411722465845249
1192187516348239873
1188466529635057669
1188301661699301377
1188272579167117312
1188251504286879744
1188209588648189954
1188188168006373376
1190232967421079552
1190112194018631680
1190085497563033600
1175099528736845824
1191799191477071872
1184077733070102530
1178671711174189058
1178666657692209153
1178516943218851841
1178506212465430530
1178484454429462528
1178463549548613638
1178457783882129412
1178399990256984065
1178395073760899074
1176530510543302658
1176345436694691840
1176303211378106372
1188466159978532866
1188278015043784705
1188108331975618561
1187863731377754112
1186697411244236800
1186681976578871296
1186627649084542976
1186457118511116288
1185230931063459840
1185215027831291904
1185174651565199360
1185025161067716608
1184888153699684353
1192104186789400577
1191871465970421761
1191855928439660547
1191789921339691008
1191772760848183296
1192494368973893632
1192478482753818624
1192255556473503745
1183171528755744768
1183122575813165056
1183112137906049024
1180501836224172032
1180326741807714304
1182487484720177152
1182470875817431040
1192074822584590337
1186270728578093056
1186113312582492160
1186043233136238593
1185996813444243461
1188488628558807040
1188483505744994304
1188456634370146305
1188420872727617536
1188289718884208645
1188204100304936960
1196907977174900736
1196872985963114503
1190227642345230337
1190106694099128323
1190001854593347585
1189969992919519232
1187014565407666177
1186973956160589825
1186748472403382272
1186713594983043072
1192088575959076865
1192077790780231680
1191915112845783040
1191791716862443521
1189150211307905025
1192118778571739141
1192070127765864453
1192054329701736453
1191785078629830656
1182616091874516992
1182493039299743744
1182465202580852737
1182405901422137348
1182357865723551744
1189229686255214594
1189191988605804544
1188994017780011013
1188902188640276480
1188885155768868865
1183182610614366208
1183095582728044544
1184513563408379905
1184439593212502016
1184308107083681792
1184300807312814080
1184284147843551232
1184263248729772033
1184174019198771200
1176902485467893762
1176873269993136139
1176859798022885376
1176655991565422592
1176590753507811329
1176587395468275712
1188661481379979264
1188618923203289088
1188592317252419585
1188571405815877634
1190764635026345987
1190742967126024194
1190695202966712320
1179239651443400705
1179223356010311680
1179218052308750336
1179200774322171904
1179195627126833153
1182705494563131400
1182677740044128256
1182641973456527361
1180459324512116739
1180222029825527809
1180202873562513409
1194233868435546115
1194076175565565952
1194059891771674624
1188823441119596545
1186671100215943169
1186418693141606400
1188797470874263552
1188792137988694016
1188603190738083840
1188523501566808064
1186319272777256962
1186305861351825411
1186295128358637568
1186289641844027393
1186086767155449857
1186075670989938690
1186059448336470017
1189213291870064646
1189019093283889153
1188988762656821248
1188957320195334147
1188951556755992587
1188940447282061313
1188923026068389899
1188907295427706880
1178702829520850944
1178426645037891584
1178681804414492678
1178495192493506562
1178368294694334464
1194301539239841793
1185024839603703810
1184982322191503361
1184902711583621121
1196932222919548930
1196881583896178688
1196876289006854144
1196873707962216448
1196871803966296065
1188782320884572162
1189180997507735552
1188972811118940160
1188895758541578240
1186649795500355584
1186396623858995200
1182661828121387008
1182647257268666371
1182478552438054918
1182417138893623296
1188294779219730433
1192250420174970880
1192216690664325120
1192171511743963137
1190307835848069120
1190254990163619841
1190253968276021248
1190243473179451392
1190095550600929280
1189996687198228482
1185026150604640256
1184959845742632960
1184944680930365440
1188863910679601154
1188858491097829378
1188597746686742530
1188550872571228160
1189186516532129797
1189170551492878336
1188896423334612992
1188874550605471744
1188415714186665984
1188283267344150528
1188230789437231104
1188220372660961280
1193353741610684416
1193234819616051202
1182710944570458120
1182451196432453633
1188802581155459072
1188635104886886401
1188624506342068224
1188608678401888257
1182411400691539968
1182377913771024384
1188813052570935301
1188772600023076865
1188656271777554438
1188587513574760449
1188576720447819782
1188517943283474434
1183347225755312128
1183177065199230976
1183127916856647680
1183090996890030081
1183085609918881792
1190716643103707136
1194617422524928000
1194444970695913472
1194396636446896130
1189155295781703681
1188999461726494721
1185900369072836611
1185890123562569728
1185879197987852288
1185873779253239811
1185760530230923264
1185732593351843841
1186107966610661376
1191938037351112704
1191933386195165187
1191928215121678340
1191882564975439872
1191831378603712513
1191815055953813504
1182481188734341120
1192049178786095106
1191877008046862338
1191865963781795842
1191838859325321218
1191810006531923973
1183955176480301057
1183949751923990528
1183932773272182784
1183866212423475202
1183859661759537164
1183843707403026435
1183807649114140673
1192270815284338689
1192133584737488896
1183043038169518086
1188092131199598598
1188075938942259200
1183160203275046913
1183117270396162050
1183069942633193473
1178630749521661953
1178511825408794624
1178474240850497537
1178421440544153601
1178373382095720449
1178708227359416320
1178441959343562759
1184158300574797824
1184147828781793280
1183899048572588033
1183833561004232704
1183812514305466371
1188853574538874881
1188828698243424256
1188787098742153216
1188630066655354880
1193939127529623553
1193725547433607169
1193689000760004609
1193673397856882690
1193616395814264837
1186053907958681600
1186007436374806530
1185969059675942914
1186265294412619779
1188193548056891394
1188166453733875713
1178687371568701440
1178650864220823553
1178431952711499780
1184061567383621633
1187907797062705152
1187798477176225794
1184111718391263232
1183888032283447296
1189144837427216389
1188967574681378816
1188879807641276417
1186324755177246721
1186246312905326593
1186092123604602880
1186048600884817920
1178405254905262082
1187795780897300482
1185244018147508224
1185170062027743232
1185006371286241280
1178656083268849664
1178410650265145344
1188441583026393089
1188198729515458561
1188140162053820417
1187913389047255040
1187902404290891782
1187886131104374784
1178661282989400065
1176500761343266817
1194249451302531080
1194223413889503233
1194109865507074050
1194039135608156160
1194009367613509632
1180437571308048386
1180309899282178050
1180277123870789635
1178452324483772416
1178437332661407745
1178378805662175238
1190845427542822913
1190748610280984577
1190684702644080644
1175038253768069120
1175032822723239941
1174851962082344960
1186300335226265601
1189212206778462210
1189207134732537856
1189024561326678017
1189004712097583104
1188945837675728897
1185225522302914561
1185187984829751297
1185159320268394496
1184975616447275009
1184897202528903168
1191012117249511424
1190991437938274304
1190781097707261954
1190721750184742912
1192421992131117056
1192298277703737345
1192260273140305925
1192237440033083392
1192181942411812864
1192155167166205952
1194295940498313216
1194244381882167297
1194115691286274054
1194087061696983040
1193987520134074374
1193949842814513152
1182651401870204929
1182434018882707456
1182700296016936962
1182689815696941064
1182611912552566786
1182473163537551360
1182445553269067776
1182422850633895936
1182394488238555137
1175056043484831744
1174862244552880128
1182666938310385665
1182456251285934080
1182352556355403778
1188496988016431107
1188457361675051008
1188451263878516736
1188436431221526529
1188426070422368258
1188410229886771200
1188240688003072000
1176477661717311489
1176340341613572097
1176254913422221313
1176249347882795013
1192094027207921664
1194301078940069895
1194290808217899009
1194254713014935553
1194092636707135489
1194055159346814976
1193992816436957185
1193977124018950145
1190986137264898048
1190976341556027392
1190732079094542336
1190679366646345728
1186276144234094593
1186097567630790656
1186015556404686853
1190265336542769160
1190017923378757640
1189991320544251905
1194303522042523649
1194104052629544961
1193982457172971522
1193966178928070657
1193955381837533189
1193944585304760321
1186676449517944832
1186665789153259525
1186440668874465280
1186343577930158082
1196847573195272192
1185935894802550785
1185910057126518784
1185727155365470210
1185695424004403200
1185631997290520576
1175012716794265600
1189925931932114944
1189908362999291904
1189903572332371969
1189627385144107011
1195709681097986048
1195704642862231554
1195474462340194305
1195445962946293760
1195440517653381120
1188478690755256320
1188225572989784064
1188182804066193410
1188145296628473856
1187874857620520962
1187803709486571521
1188500233271107588
1188299380077617153
1188161239127445504
1195469547731668992
1183375609080225792
1183149371484971013
1183101101740118019
1183095967912022016
1191760029449371648
1191552091296337920
1191508721924489216
1183385636620963843
1185963532418011136
1185884668731764736
1185749685329453056
1189931863302901761
1189738257162100737
1184146796341321729
1184142039606267905
1184096226926583809
1183910947804585984
1183904559556694017
1183872075280326656
1180512198965248001
1180443059898769408
1180190646507843585
1180185430815334402
1191744037012824064
1191707769881190400
1180118499227815936
1179876269183373314
1181203486438023168
1180911619221655553
1196902365116416001
1196842462721036289
1183222739395645441
1183217350461538304
1183188740522598401
1193167793795031041
1192991504924651520
1180506993813065728
1180320980872376320
1180287800555556864
1180227772502986752
1185915573265457152
1185737680820359169
1180144352133357573
1180134192602124299
1179814966750302213
1181199068388827137
1181183499451146241
1181011248588185600
1180990006866915329
1180983637824692224
1178718857562861570
1178645791566684167
1178416061189951488
1192489064009814016
1192483693987794944
1192453813971619840
1192255426286489600
1192160690078994433
1177007102558167040
1191392121007288320
1191355986839257090
1191340322938339330
1191192477048430593
1191132166626979840
1181022108345933826
1180926607797694465
1180921069055680514
1175783970006585344
1175762308754264064
1175548957906391040
1175522637541457923
1175473088424796164
1175463295932874754
1191027422256390145
1190971047589400576
1190966450183380992
1190802708439216129
1190770191115988992
1181583395853410304
1181551224413396994
1181373917660958720
1181362755103789056
1183401394784669696
1183341989519069185
1183106709331558401
1183080551827333122
1183075109713698816
1176291628295905280
1176228423083134978
1188070448510181376
1187880390054289413
1187852436217704448
1182363375805837315
1176176409464713216
1175952439931015168
1175888964575813632
1188777689106259968
1188651206362746886
1186081206561058825
1186037699658031107
1189597234524053504
1189528758463676417
1189356790661763072
1189319229859872768
1189275813709058048
1189255231881797634
1189587025344761860
1189270064660471813
1177252342716129287
1177216921911119872
1177211676632002562
1183422400853139456
1183336714624000008
1183139012829159424
1176138521079373824
1184818328470208518
1184799191631122433
1184794083216232455
1184670138420858881
1184637646083166208
1184598972951945217
1184542938157764608
1196929072120651776
1196896930011500544
1196853979910672389
1177609860629835776
1177563816655314944
1179514058103500807
1179462918842261505
1184659304965640193
1184583102305357827
1175941753611935744
1175883465805504513
1185198915458666497
1184970267719819264
1186642768808108033
1186608963388891138
1186423887309004800
1177759342164152321
1177693064325935106
1177640602789404672
1175820733328646144
1175794713514979329
1175767766017675264
1175752924485623808
1175599554667982848
1175578321213698048
1175553612400988160
1177583226707206144
1177569061208821761
1177383183089897472
1177356588396482560
1177329319833690113
1179895208869281792
1179884124598874113
1176143909845704704
1175904986405986304
1175846647403876352
1193209052081332225
1192881374648295425
1181037743293571072
1180968671562407936
1178300836948189184
1178290369441812481
1178010075065176064
1178332075872718848
1178154620046192640
1196929546412527616
1175594363621117952
1175558471825133568
1196940282970984450
1196914072895311872
1196885854582689792
1179763021243129861
1179745440029433857
1179564540251512832
1179541994441527296
1179470313588961281
1180491298979172357
1180244091973574658
1187727154118877190
1187695925524869120
1187532262193192961
1187447628080041989
1177674052644872192
1177664542383525890
1181193921101213696
1175831164214550528
1180528553957433345
1180523016490569728
1180265879784886272
1180232568819597312
1192996967196041216
1192980746660720641
1192870505054900225
1180139252929171458
1180089818191142914
1179955685762748416
1179944648850194438
1179861842124050449
1179856690528886784
1177222572406181888
1177186576738279433
1176944835036614657
1181233426298540033
1181217471405215744
1181048848128626688
1181016637761376257
1180964054011142146
1180953068910911489
1185220228919242752
1185154140554645505
1185005489693827072
1184954607388233729
1184939907158102031
1181000340960923649
1180916507641044992
1193182760745213953
1193172604493934592
1177202632504594432
1177176056727519232
1177053593465237505
1177028846065016833
1193193528391798785
1193141646298353664
1192947986621440012
1192876083676356608
1176181518064111617
1176088927284977664
1175878140825985024
1179872506506821633
1179065221698199552
1179013040316002305
1178824742427660288
1178745488142721024
1179906317106008066
1179878454105427968
1179851569820516353
1179840273737756674
1177599282586820615
1177604739984449544
1177538584586391553
1177275467679879168
1189554835634262016
1189533632454680576
1189324718115033088
1189244852287860736
1194992927807807488
1194735771107938311
1194285484387770369
1194280855633612801
1194259673945452545
1194003713905582081
1180149769857056770
1180085276397449217
1179966857379553281
1179818442322518017
1196110251201835009
1196100043859730433
1195873847679033344
1181212032856657920
1190297332585250817
1190064535308316672
1190056382231465984
1180496543167795201
1180480520301531136
1180255366615052288
1180197566727774215
1177791204425109504
1189570770760093696
1189538454805401601
1189281295370784768
1189250002280964101
1189592489025511426
1192226126267068416
1175815504642134017
1175726763122577408
1181254910895181824
1181208664981540864
1181167628062199813
1181162587347656704
1181054249813397504
1181032606374268930
1181005916851838976
1191147985612234763
1191121670326693889
1191084569149280257
1191048761017094144
1180485755770159104
1180448631775748096
1180218334673096705
1177543751486595072
1177410226821222401
1177280698098601984
1189560161276452864
1189543693377773570
1189523319416066048
1189513351031865344
1189386272089001985
1189375590064906240
1189313891085537280
1189297521723691013
1192975254446116866
1192969711950159872
1192901987261722624
1192854636752969728
1181610238551740417
1181556539410259969
1181379467517792258
1181319721049903111
1187537821873180679
1180169431688855552
1179948566942486530
1179889751039578118
1181588482722029568
1181265547859763201
1191174967104327680
1191137772318404608
1187770431723446274
1187495403018752003
1187431163192848384
1187748716020731905
1187510858617933824
1187458047007961088
1187436719613890561
1187427447630974982
1179744456884535296
1179713073806004224
1179581368021508096
1179570265715613698
1191418476029792256
1191413129076449280
1184876395287191552
1184865980763246595
1184834604223684609
1184604693328211970
1184588384255315969
1184566473429278720
1180123727805272064
1180075533297692672
1179819549891465218
1180174771964829701
1180160238198149121
1180109914817138689
1179938487061110786
1193198563192397824
1193177570566647810
1193002232674959360
1192909967852023808
1179068495323119617
1179046027313258496
1179025450284265472
1179020558962511872
1179079214143885312
1179030293803622400
1178786527087878146
1178771014379085824
1177260707626278913
1177244018960478208
1177232120126816256
1177181337880604673
1177017922809663488
1191116351882113024
1191043587531792387
1196079969614663680
1195793345458638848
1196046181656383488
1195904827936694274
1195878673515192321
1193012353677303809
1192865062043750401
1179008433288368133
1178988131888107523
1178780905105760261
1178762719081705475
1180994946368757760
1180973314082267140
1180937219999223809
1195899720784371712
1191324290790150144
1177593951966113792
1177431794179854336
1177388612008198144
1177289116691697666
1180129031494262785
1180115222201356289
1180099869547122688
1179950270672977920
1179829487552335873
1179824400004259840
1181243801085628416
1181188678628134912
1180931743148314626
1176117523177254912
1175968215240982528
1175836697222877186
1178135278705348609
1178117155742769152
1178090013327872001
1178084825871331333
1193187965008326657
1193147081680138240
1193007575958204417
1177769552882667520
1177726673493663745
1193028909094363138
1193023395316817927
1193017924300263424
1192942287027933185
1192859800356491265
1196923458757812229
1196915211766304769
1196848245617692672
1187738089487253509
1187701066957234178
1187685381594112000
1180212172951085056
1184537706547896321
1190302385224204288
1190280919292272641
1190007055307948039
1189985760306507779
1177372473387622405
1177334470632005643
1177249070987038720
1177242966043299843
1177197160846319616
1177049055563788289
1176949697266610176
1179781298363277312
1179756258737446912
1187765188176551936
1187743549707751424
1187721937495175168
1187588006305288192
1187578558945939457
1187451731308941313
1194752142940286980
1181599491167838208
1181593823090237440
1181535125651279872
1181530030784024577
1181324856299851776
1181295492489252864
1195153180730036226
1195070169892167680
1195064541979303936
1192931319791210496
1175500503767277568
1181397529293918208
1181260152999206913
1176969291473805313
1176931076792565762
1180165452686925824
1179933123418710017
1179927639529807885
1179922257516347393
1179910823566872577
1179900395696656384
1177237480929734656
1177023542258491393
1195384876494675969
1195139162183274496
1195085813400383488
1187500190338617344
1187490404314185728
1187442094689968128
1176112264593776645
1175910219135758338
1175842068419239937
1195370392837332993
1195345843605389312
1195091082423525376
1195074413990993922
1195059363028914176
1177065582233030656
1176996732539944960
1179457487562514432
1181561196320890881
1181336203108458497
1195377160963477504
1195045207861010436
1178015207584612358
1181389933635936258
1187775618735321088
1187759678366867456
1187754138236571649
1187732579698593794
1187566886025863168
1187452812399169544
1181409944458932224
1181408661383663616
1181300429474451458
1181290017777422337
1176186774625955842
1176166010543640576
1176099080973537281
1184804577075482624
1184664602484924416
1184620711329091585
1184533775755157504
1184523343359369217
1181308102064390146
1181303465215168513
1195383228741361665
1195326292062855178
1195190827384999936
1195180041728151557
1195023323115245568
1194782286954270720
1194771364772810753
1194688796702519296
1195365476664332290
1195336546334978051
1195331454147944448
1195310664136482816
1195147983706345477
1195105687338127361
1195096524205838339
1178284897947078656
1178079578742505472
1195350733186572295
1195144654813089794
1195133686481670145
1195111112183832578
1180154831694188545
1180105092260913153
1180080344273428480
1179961265223032832
1179867205900668933
1179845823330443264
1179050527428087809
1178846582684471298
1178739741602304005
1178729706591588353
1178724507860766723
1180978419762368512
1176202931546312705
1176197888390684672
1176171135785996290
1176149358485671937
1176133403298676736
1176106922136748033
1176101645836591106
1175915493326241793
1175899626161016835
1187486024064208896
1181395630108938243
1181284307324657664
1195340108821618688
1195122264141901825
1195116873437851649
1195101877622525954
1195382161991446528
1195315963840860160
1195164214119280641
1177747870998552577
1177659157471780865
1189518523254616065
1189391415685648386
1189286945869971458
1191335179706650625
1191208397867229185
1176990275006271493
1176979646920966144
1181228272438403073
1181223019529883649
1181043287144185856
1189581657290018817
1189538436790804481
1189497442951159808
1189308490558390272
1194953496732278784
1194815507800772608
1194797431172599809
1175604750655610881
1175511527627067392
1175483848706203648
1177979029758058496
1177968449584336896
1177721112186310656
1177695100459245574
1178362827356147712
1178346862702661632
1178342849491996673
1178326858762506240
1178043184280211457
1195925589426933763
1195920403077779456
1195915183887134720
1195889166929842176
1195756527488917504
1184882599078105088
1184844985524465670
1184632176723320838
1184615210222604289
1184553643917398018
1184548282686693376
1184528485777313792
1191423940863897600
1191397391196393473
1191361174379651072
1191153540519092224
1191073603963498497
1177948916182081538
1177780415832231936
1177739442792079360
1177715882241482757
1177711338065399808
1187543322388250624
1187515431747280896
1187480741594226702
1187470293142392838
1189363640530620417
1189346467271663616
1189265468915441664
1176213142289952769
1176207995069456384
1175962785534099456
1175947255540572160
1175894487777914880
1178106078514597888
1178074337125048320
1178268799264538628
1178124497356021761
1178111293389234178
1179733975780282372
1179547666373644288
1179530941372518402
1189368756709056512
1181347338784260096
1181273837452828677
1179810080281305088
1179757917022633985
1179728754458927106
1179479803981914118
1189380574542204928
1189340908837330945
1176122936782217217
1175957512979398657
1175926000477233158
1175920940640821252
1175872645553954817
1193136276066775040
1192986168398434304
1192958697271648256
1192915094134493187
1192907441106771968
1192893186949222401
1179916535269396480
1195003426431807489
1194755854261772288
1194741371736907776
1194677522841178112
1194671378127114242
1178863366464577536
1178765698358812674
1194970224761675779
1194826774414315520
1194792618175188995
1194668996311822336
1187548640648318976
1187463737877381120
1195868515368132610
1195852436235341825
1195847348993302529
1195798635834986496
1195783111520509952
1195761652123222016
1189548988967608320
1189502774960119809
1177624876150120448
1177619785179451393
1177588617931382784
1177361337103634439
1177351326579220481
1179015162935877632
1178993414517530635
1178868446978818056
1178818918498131968
1178776253572231168
1178757413123612672
1189576076994981888
1189270529926225921
1189260056556163077
1175825704962985986
1175789360706400256
1175778601427505152
1175742482254110720
1175615553593073664
1177559276522541056
1177399231943991296
1177323943033737234
1177318694126596096
1177059944195080193
1177033989757919232
1176951369611259904
1175737049577603079
1175569344232906753
1175538268122861568
1175478476402548736
1176923602861600774
1177270152624332805
1177012306145927170
1177191752626790400
1177039030321668097
1176984893043159040
1176936586866507776
1196061966378393600
1196035573657620481
1195894463849205760
1195815261091368961
1195777534878724096
1195354843994611714
1195321098583396353
1177911738278273027
1177706171219763200
1177670030152085504
1180825984188260354
1180633518675841024
1180561270099075072
1195392084993335296
1195390150035083265
1195360314029756417
1195196234342043648
1195175253762330624
1195158779697991685
1195127899919179776
1195039642040590337
1181178195585982465
1181172962965237760
1175773211990134784
1175747838405414912
1175588869640740864
1175468137099272193
1181604910703493122
1181571527071940609
1176128151530999808
1176093997292556288
1175973267536056321
1175931461482024960
1175857233227407360
1191345487590371328
1177973704606793728
1196084791940124679
1195820624188444674
1175799900686172161
1175543790712565760
1175517038779031552
1195008084365791232
1194987413531172865
1194831640968781824
1194802475674558464
1194776625856045057
1194724445803417605
1194697784844308485
1194673018469060611
1181566410851540993
1181368187557990400
1181352535086571522
1181271022206689280
1194976721520463872
1194963848635277319
1194746916590039040
1194708182200963072
1176192292597772294
1175978378609987584
1175862324017676288
1177227818872320002
1177217285674733568
1177208506518331394
1177001916812988417
1176991433150128128
1196067038764118022
1195857653811077120
1195804217639948288
1191371602610528258
1191100593831628805
1191059332059848704
1184855303210356736
1184850560672915462
1177348792640770048
1177339465657987072
1177309250428817408
1196105126605447170
1177615024724041730
1177573649299189767
1177553944014401536
1177404850419765249
1177989203893854208
1177963520442458113
1177785744372457472
1177764101340180480
1177737159492677633
1177679661154869248
1177653877509885958
1191407904479416320
1191187102731587585
1191110946871218176
1191063674913542144
1179536358538391552
1179447151723716609
1179084456822558721
1179055410478829574
1178836301258182656
1178810903443193862
1196478952644206598
1196418399691329536
1196246063130259457
1196229764429885441
1195375067666026496
1195367000853352449
1195360295377686529
1195054220657020929
1189302975581347841
1189240379272585219
1189235076153991171
1180835904505729024
1180831361298501637
1180811108925497344
1180593098813919233
1180577151860346880
1180566864839270404
1180539450356576258
1194982045455470592
1194684658916741127
1196449246934949893
1196282821125562368
1196213636215328768
1196164979617157122
1177265464772313091
1177207994569940992
1177054131091062784
1177044189449789443
1176974353004716034
1176939701342789634
1176926139014664192
1175936527400148992
1175867381387878400
1175851821799227392
1184648235790602241
1184609759485407232
1184571597551788035
1194693943654539265
1178998495702855680
1178830411008487424
1178813346763673601
1178805541642149888
1177426578466332672
1177367247205097472
1177344993507336192
1193218892749004805
1193214402293641217
1193203895624970242
1193158014448091138
1192953439447371781
1181577772944232450
1181576776629264386
1181540502258274304
1181342074089676800
1181615500020846593
1181545936222380032
1181524833466818560
1181414888243159041
1181403155885690881
1181384795676463104
1181357636924694528
1181313856691462144
1195018313962852352
1194836922130145280
1194820988766236673
1194787490487513089
1194761341480902658
1194686732031217665
1195013354055708674
1194971498328539137
1194721866872688649
1195343025616105472
1195339289158135808
1195201304169242624
1195185695599529984
1195169668304121856
1195080111172857866
1195034406441963522
1178311395881955328
1178263254705086464
1178052259210518528
1178004743580524545
1175757605416968192
1175574534075949056
1175563883840512001
1175533209934807044
1175527680374136832
1187711816501284867
1187706511331643392
1177953700461137921
1177775193059741696
1177645778648612869
1196056604115951616
1196040951824826368
1195909888469340161
1195837873435693057
1187780894830055425
1187690517494161414
1187505707001765890
1187469012596330496
1196920796255535109
1196891676310212614
1191386893931417602
1191381849379135488
1191376795360284672
1191213850030432256
1191202955829088256
1191197702924783618
1194958597958053888
1194807845931376640
1194713388603117568
1194702929480974337
1194680305271156738
1178352171290693633
1178306278671753216
1178019781817094144
1177999643378147329
1179041166752395264
1179035745098588160
1196051298304565252
1195883875001675777
1195772373288542208
1195766833472770050
1177548857414209537
1177421327688486913
1177393851914424320
1177377866323046400
1177303900271063041
1179723524052803585
1181238748568264704
1181027378337927168
1180958369517113345
1180947870398201857
1184881480113229825
1184809974750425088
1191402539629109248
1191366387744346112
1191180074181103616
1191164227517587456
1191126910862053386
1191095199004602368
1191089808334036992
1180685248876699648
1180610045454761984
1180582300393689090
1187716877327446016
1187527027492052997
1180899836838731778
1180659689559863297
1177983783624232960
1177922480897495040
1177917137794535424
1177900849873477634
1177688089172615168
1189554182870704128
1189508075083972608
1179767586508148736
1179604098208997376
1179485676485496832
1189565606837805056
1189335385912029184
1178061226649239552
1178030034021441536
1178024866760593415
1179003582911266818
1178857490743795714
1178874319381901318
1178851676742021120
1178841347253510144
1177577950201430016
1177294314591924225
1177283549411631104
1179060637487501313
1178797099636408320
1178791263023374337
1187027181765050368
1186979009739001856
1186759607764553733
1186753860729217025
1189351121409794048
1193163065866489858
1193152487576014848
1192964293475622912
1192925696622047232
1192920511971495936
1192898727507353601
1177994502184882179
1177958489811034112
1177943986042032129
1177906360601714688
1177635226945806348
1179487796366577666
1196261621473140736
1178357559603933185
1178337461312872448
1178321685285486593
1178295632068567041
1178146789972729856
1178100757331091461
1178095182371344385
1178035597094637569
1179792337997836294
1179508483353387008
1179498903361720322
1179739132417003521
1179598797963431937
1175810100084314113
1175583407377735681
1175489239276019717
1196094610172514306
1195830239647154177
1195788218261803008
1179802728224174083
1179772704188178435
1179553273377890304
1179519669788647430
1177742672716554240
1191429280275816450
1191159080771112960
1191079030478508039
1191068445724463105
1191053926218575873
1191350726401937408
1191169801101725696
1185690303812063233
1185668447553966080
1185609986946338822
1196423818920808448
1196407891042951168
1196208412268335105
1196181333766287360
1196147872653365250
1178273866063503365
1178069643002556416
1190101073895313409
1190080914841358336
1190029560227737607
1192473243862683648
1192195614504824836
1191329705070338048
1191142854640488448
1191105894031020035
1178734943012364290
1196089690807513088
1195862975439155201
1195809848463634433
1194965072281579520
1194720901373280256
1175731911421042688
1195028973522165762
1194948374065233920
1194812920133234688
1194766183570006018
1194730006074843136
1194715306104643585
1184866760555728896
1184813470325362688
1184791992183742464
1184786221811322880
1184653504532680709
1179777425099673600
1179750811330650112
1179718455492272128
1179558795002961921
1179493219664617475
1179468708571422724
1184839930406678528
1184577309464023042
1184558795340603392
1196413232275169281
1196277652690259969
1196235490808279040
1196170545651421185
1196115648717426689
1179575874884182016
1184871567785943041
1184823816549294080
1184791529023557632
1184676192718348290
1184593891208634373
1184860551173857283
1184626578686402561
1179806487562072067
1179797240598204417
1179587021582602240
1179452299023994881
1180648589737037824
1180627847406333954
1178316569853792258
1178129666479181826
1180891880063750145
1180800249650204672
1180534094628827136
1196460076040634370
1196197911249375232
1180854693989408769
1180805712307458048
1180690443744546816
1180620840582430725
1196287362365562880
1196272389946060800
1196267059971264512
1196175743895691264
1196135767283838978
1196121184603197440
1196203146105806849
1196192450857119745
1180851564707225602
1180846303665938432
1180572152992600071
1180886813793247233
1180881266004107264
1180640988383076354
1196454559192928256
1196444413330894848
1196256187400019971
1178279395921936385
1180679593109458946
1196468441902993410
1196465192395251712
1196397713031598091
1196218869259685888
1184829417866047488
1184561246944841728
1180669835363209216
1180555907563950081
1196428954904793089
1196251168944590856
1196159080009736192
1196473595041632256
1196402814110576640
1196241014161321986
1196125786354442240
1182286213333557248
1182136216113815553
1182100208332750848
1182089476845326336
1182078486594359296
1196439155565301760
1196433968075300864
1196141776601583617
1196130425682513920
1180831367346696195
1180604355780562951
1180598720217268224
1180587723834310656
1196187081917288451
1180870601071874048
1180859913720991744
1180852465920593920
1180841220861566984
1180821293681303552
1180674522032345089
1180615659622948864
1182305544566136836
1182116307770204160
1180550515081596929
1182318115054641152
1182276163810529280
1182051242429820929
1180875780131307521
1180816608694026245
1180665296010563586
1180544874631876609
1182281362881028097
1182249812848254976
1181989034928885760
1181942124650074112
1181704669653065729
1181677106335485952
1181671474098253830
1182002136097406977
1181993439967301634
1181908269243211776
1182312854139133953
1182270843268804609
1182122099973992449
1182325616076607488
1182073246872752129
1182007365643722752
1182346766080991232
1182046072522379264
1182025461234315270
1181973431866331136
1181963200461512706
1181743464893038592
1181636510115930112
1182265703832924160
1182131101776666624
1182056636086722563
1182310423846117376
1182300806013444097
1182260431898992641
1182110964084330496
1182020052234715136
1182330913021202432
1182323541657767938
1182290975974182913
1182295585421963266
1182255197281755136
1181709858015461378
1181688145219375104
1181665485366190080
1182336093905141763
1182105473639763968
1182014667763400704
1182009590826840066
1181998655047454720
1181947536472449026
1181892699210817536
1181720656104345606
1181902914920550400
1181897741678628864
1182084164264304640
1181920057246568448
1181748719730999297
1181925393491775489
1181699416845176834
1181682827760459777
1181983885837647872
1181931885431283713
1181912817823354886
1181754173320318977
1181647596823175168
1181887315058286597
1181694027244146688
1181654586597281792
1181620989815341056
1181659700666028033
1181653333397954561
1181978663681773569
1181952822830649344
1181942754458378240
1181759375658176513
1181731669562347521
1181642147738652673
1181631374454861826
1181967898207817733
1181726070564950016
1181738856380604416
1181715217388068864
1181775911307431936
1181770340504145927
1181626258398035975
1182341756479852546
1182067955254878208
1182035180111970305
