1178121434457153536
1179733023924871168
1179532882790027267
1179504852315070464
1179494103727427584
1179482966252294145
1179477353124089856
1176864203564601344
1176801097857605633
1176607871460630528
1176586484117319680
1176570949434576897
1176570582814666753
1176542806753587200
1196095099333152768
1196079951302348800
1195850114767687683
1195798616964763648
1178309387817029634
1178068271008014337
1178053067855536128
1187965855591743488
1191354413627170817
1192837623104053248
1192804311497093120
1192656429863313409
1192639275252289536
1176111813676736512
1176056632788303872
1176018198388518912
1175964475494715393
1178133952504184832
1178111916969005056
1178095164679741440
1178022030660313095
1192828005233635328
1192798619965018113
1192795840353619969
1192787840851202049
1192779640831643649
1192713295989477376
1192697099667812352
1192677585194561536
1192668701373452289
1192576095201181696
1192533068080394242
1191108188067770371
1178263250569441280
1178016880830877697
1185500532208783360
1185443391594782720
1185293703054802945
1185277722379128839
1179789032433295361
1179674664077004800
1179612345993179137
1179593635232387073
1179545771236044801
1185369725519454209
1188123867316920320
1188055886159327232
1187942274359091200
1187851453035143170
1191347497618280448
1191293805850484736
1191240205254234113
1191194043377737738
1191162522952445954
1191115822258892800
1191068798268432387
1189772587775209473
1189751454648680448
1193904295344836610
1185520457103097857
1185323598770102272
1185320785835184128
1185299733541277696
1185261041330118657
1196071867754405888
1179530923005612034
1178332067291189255
1178151107769573377
1178078248430907392
1178294241832951808
1178197120635097088
1178166566736846848
1178103372383162368
1191016724474343424
1190775583371878405
1179753696005103622
1179553300917686272
1193779459574444034
1193656631084683266
1179398445091758082
1179296646313758720
1179214420851003393
1179187471952863232
1179085139151917056
1189911994348032000
1189835715376566272
1189808570889646081
1179238741317242880
1179172867919011841
1179087032410349571
1185555264709320705
1185389680168259585
1185356959387738113
1185304155872813070
1185295402226061314
1179418331297787906
1179198096615575558
1179178164716748800
1179119918937251841
1196939521222414336
1196874123366010880
1196861589233840129
1196856209816662017
1177691062766358529
1177661153192886272
1177638134156349440
1176859944295063552
1176763345745121281
1176723605293621248
1176705251669368834
1176689637831651328
1176680879466455040
1177768162361794563
1177762686047854598
1177737807944671239
1177727274109550592
1177721693533548544
1196042958941949953
1195910459867750400
1195895011520462848
1191398974042857474
1191255434079981568
1185559155928633344
1185544000960389120
1185460420536098817
1185289574853025794
1188115875683020801
1188091568965726208
1187950178562707456
1179413003084668929
1179286387016830976
1179249379644973058
1179151799137251330
1187786192349216768
1192801434041028608
1192772964732850177
1191413706007166977
1191285991794970625
1178278848351350784
1178086778827350017
1179407853221748746
1179317443929542656
1179306980126711808
1179254648395501569
1179236955386720256
1179208773791109120
1179157146828759040
1183405550501056513
1183185981417148422
1183142668756492289
1178212324701814784
1178037387710140417
1193926673286279173
1193918314797510656
1193879281518206976
1193687222593216514
1189806036812566528
1189692329306800128
1189642781251325952
1189612542546661376
1186685213503565824
1186641522936221697
1186539614678507521
1186529165807443968
1186518561625382912
1186488852732624897
1186449107696660480
1186345557540950017
1186336128804249600
1192463940611129346
1192446263771500548
1192245448645455872
1177706786297700353
1177672003731513344
1185431510725332992
1185415059117412352
1185360861944258560
1185348888569532416
1185311917012897792
1196928107585912832
1196883281507164161
1196880682515079168
1179407836046118915
1179192939123298304
1179164118265270284
1179402373552394240
1179270510322040832
1179139562137935872
1186677012909428736
1186665780206886912
1186639582235971585
1186472597694881793
1186425354069651459
1186351960628387842
1186341493121994753
1196916942122160129
1196906098902650880
1196853228228530178
1178248128039915522
1178142219989065729
1192793115435978752
1192723455680102401
1192608104829071360
1192572863066320896
1196885811469438976
1196883237789933569
1196882089053962242
1196864682017079296
1192822648172097539
1192819723936976896
1192785304303874048
1192770046088687616
1192728731120545792
1192662689727819776
1192583696601231361
1192560297652953088
1192502042285297666
1192489663338078209
1179794487658369024
1179768119084113926
1179669549765009408
1179461493705920512
1183628847390101504
1192830594692059143
1192671621212975104
1192624872532393989
1192618992378286084
1192587444408979458
1192551978070683655
1192515684678488065
1192512820564418560
1178323642427564033
1183170677454639105
1191332206599458817
1191324632558772225
1191308999817383938
1191131611095584771
1191278409814548480
1191270837795590146
1191146957923860480
1191060344791281665
1191045213067853826
1196897764539535363
1196870993798717440
1186642961062354945
1186534427658280960
1186391856495681536
1186383100810584066
1186349308817367043
1186325313187434497
1196911459894202368
1196888270308827138
1188099213269389312
1188060140999708672
1187973762949484544
1187853878303309826
1187827662158467080
1189931742578270208
1189918949242220545
1189913316346486786
1189901317168340992
1189881244240240641
1189838345318387712
1189695346433241088
1189689376659451905
1189680784187244549
1189916112621887488
1189858165191532544
1189769916288765952
1189683929458126850
1189666262865059840
1189627384934420481
1189588351114006528
1193897431253037057
1193702796173959168
1193574134304968704
1193896065302499330
1193809988835332097
1193764114604146688
1193718016132993025
1189763115644309505
1189686611212193792
1180309872166031360
1180275599232966661
1177945624983097345
1196925339500462081
1196844620455518208
1196841431224242176
1185585237448900609
1185522048052924416
1185393082780569600
1185385527882797057
1185329539817398272
1185265232995852288
1176878095141351424
1176872747298906114
1176654830359781377
1176651858888331264
1176602321184329729
1176597661874577409
1176575287942950912
1176558295894634496
1176548215061196800
1176613170087104513
1176565216324259842
1176553657669705728
1188487239904452608
1188236928681988099
1179727901132021766
1179664182133891073
1179643469297573888
1179604075928797184
1179499799625764864
1179439075075510274
1185518794753675264
1185447220360962051
1185407357192413185
1185365201409007616
1185265207188299782
1185253287660003328
1186668702294523909
1186663044128149504
1186508136175357952
1186497162491944960
1186457091311054854
1186431320987242496
1186395022926761986
1183379568314458112
1183349037862391808
1183254805545963521
1183087139787100160
1176811873628540928
1176675778324549632
1185435732971872259
1185427334423371777
1185423122280976385
1185397235800035331
1185336308589367297
1185332154978451457
1185316290778583041
1185248899189137409
1185240375503527936
1185552195158183937
1185439537289453568
1185280933861179392
1185257389521559552
1185244706650890241
1189909262744637440
1189904009433374720
1189903443118428160
1189796670520938496
1189723783818612737
1189697995874426882
1189602140718809088
1189591076304293889
1192817752299491330
1192627736751362049
1192605277209743362
1192809419920355328
1192720827130798080
1192650445845602304
1192617117264306176
1192504635266867200
1188075929878302721
1188042692732899328
1188026961261670401
1188003555384397824
1187995921201664001
1187845982945452033
1187839705666207744
1180468953992314881
1180281342661144577
1195865731986083840
1195842005387169793
1195816435215425539
1176776794109820928
1176578977496014848
1186680062671761408
1186494514980151302
1186482698304589825
1186460095498084352
1186452366536724480
1186410343825924096
1186354558437453830
1186338790597709824
1188841695565287430
1188827814780395521
1188822186058027008
1187035843179012096
1187027163138154498
1186808905243996161
1186786913895759872
1186739105213927424
1186730207329357827
1187958051258667009
1187934348244406272
1179773277704724485
1179717600877654017
1179697661861093376
1179679911671484417
1179564512451682304
1179514967336394758
1183390270538338308
1183225532353257472
1183177039232282626
1180050385073065985
1180039972562321408
1179957519806029824
1179814948756738048
1189865311647993856
1189847157400100864
1189830499377831940
1189767175294377984
1189765904596455425
1189675326449889280
1189615328252321792
1178181667892207616
1177975795438047238
1189542711734525952
1189514647994617857
1189509371178422274
1189481258553937920
1189307638233866241
1189295045653999616
1183265743716175874
1183260214704967681
1183102462191951872
1196933909331824641
1196908815838568448
1196903253826519043
1190612205835837443
1190456344299618304
1196891856182886400
1188846767644782594
1188542241700270081
1179041656504557568
1179038812279840770
1179001603380203521
1178998866580037634
1178929405206388736
1178920842199273472
1178733080497967104
1176854652081434624
1176806523894423552
1176766351337230337
1176739067008036864
1176629010605969409
1176591958598410241
1185403419076505600
1185374180029677568
1185284980450217985
1188068204645670924
1187981748493262850
1187918129017610240
1187878038173863936
1187832264291434499
1190101852588773376
1190017905435561986
1187010933975064577
1187005432231059460
1186869975891488768
1186805686660980738
1186802490420928512
1186799548892700678
1186745213454295040
1186742107173773312
1186732919475363840
1179757881522081792
1179722668595187713
1179648532304805890
1179565747841970177
1179540079414513674
1179510284576329728
1179457839150055425
1179452281189797888
1176851664466317312
1176814980831875072
1176795701487034373
1176728740660994050
1176718341538492416
1176648976659111936
1176618610921562112
1195879855163883521
1195826490564370433
1195771829144752128
1187410043265785857
1187363545702391809
1187231303957188609
1187217675556212742
1187140420121300993
1187089997670879235
1183384669271842816
1183287870494298112
1183124854918307841
1177951039775023106
1177852095090876416
1177846658266206208
1177831252310855680
1177711927658782721
1185922779079675909
1192692744805920768
1192674449625092096
1192647410239115264
1192535728598798336
1188855238343712770
1188852561174024192
1188787587848298497
1188668056077254657
1188563510881652737
1193928874616340482
1193921231654998021
1193898771412852737
1193894674441916417
1196858426460135425
1195935485027323904
1187024221978923009
1186960431363047426
1186828253270380544
1186761261750636545
1186703204186284032
1177885739536793600
1177862262817792000
1177777714754920449
1177772440874827776
1179291599672692736
1179225995112583170
1179183539520245769
1179129324466774019
1179125771048292352
1187018637409959936
1186957668050751494
1186934942535704576
1186910010439323651
1186821666904653825
1186768816174518273
1185202263960248321
1185190147157090304
1185184327522570244
1185056845767106561
1185044405369102341
1185009660031635456
1184984513740509184
1184944650261614599
1192839360154128385
1192778008060448771
1192751080431640576
1192549103932256268
1195531394421837824
1195525665635930112
1195519861964840960
1195488476021624833
1195485445125287938
1195423448073416704
1194910283996774401
1194896966972510208
1194892159557742593
1194793395241263109
1194757226927415309
1194698112448770049
1194687093710245889
1186654929798254592
1186499891125772288
1186473414867013634
1186466250488197121
1183364256785403905
1183318460572585984
1183197699937656832
1196931082496741381
1196914188855259138
1192814788595859456
1192782450293903360
1192753904397815808
1192748292632920064
1192644442571845633
1192580724223856642
1192540860468125696
1192527297494102023
1192497107824971783
1192491509440040965
1187926288465584129
1187874830852542464
1187867663634259968
1187795052535386114
1179659050272862208
1179598760705511424
1179576752584179712
1179571208293097473
1179558767324782592
1192767180787597313
1192745556126380032
1192665815742582784
1192653442151526400
1192636255118528513
1192633352647577602
1192571634948943873
1192557494348009473
1192524519744909313
1192510143109517313
1192507546805981185
1192494350183346176
1177836406040911877
1177752583718494210
1177666540155686914
1176779752943869953
1176754584817209344
1176713128119361536
1176700194215419904
1176686106462609408
1176639395602079746
1176632864181510145
1183303109596106753
1183147878463737858
1183136191190839296
1183129896626860037
1196850701579825152
1178011778468462594
1179783763846406144
1179702736574656512
1179690563932700675
1179685203708694528
1179653948929654785
1179608284371787776
1179538161384464384
1179525308606750720
1191359603797303296
1191355186410856449
1191217105871540229
1196821905786978304
1196813134541008897
1196650314088230913
1196647763741683713
1196628068372242432
1196624634315231232
1196564650470576128
1196521821392080897
1176790473060622336
1176771703063613441
1176749266817228800
1176710527239823361
1176694820275916800
1176632403827273729
1179275819845328897
1179115662893076480
1188819617176793088
1188811509805256706
1188752709731704832
1188576139717074946
1188526923045113861
1175516402935095296
1179551792553742342
1179467067684200449
1187802944428744705
1191376777869967361
1191232619377238021
1191224801823723521
1192812243194392584
1192775520766844928
1192742749579173888
1192682986166206467
1192543529257578496
1192521595899777024
1186108598738403328
1186915894271848448
1186861819769606145
1186847871213195265
1186796516469542912
1186789147173937152
1186765591987871744
1189678129784209408
1189646119195815944
1189639599754301440
1189624538717478912
1189599310029217792
1196936671121592320
1196867808648454144
1189484970600996864
1189354382225297408
1189254403783573505
1183333895225389056
1183272591353700353
1185548105967640581
1185340474976026625
1185273292388818950
1176744194762838022
1176670486945816578
1176665189443407872
1176643965061406720
1176602742875459589
1176602322602012672
1176562328613072896
1177815327297753088
1177783058621181954
1177701386659782656
1177652392436944896
1185418857973985280
1185377731166556160
1185353051151966213
1176890488558952448
1176886116311584768
1176867986176651265
1176785335910588416
1176733967992705025
1176583268084396033
1189545720078053383
1189516762641027072
1189478469547315200
1189442930546827264
1189348063552458752
1189338484269551616
1189335361538932739
1189332320987353088
1189329252686036993
1189301441703370753
1189285680612024326
1196900483425820675
1196843076125245440
1188034984499712002
1188019117032386560
1187910169742729216
1187889574732795904
1187823800781594626
1187807362251407360
1180850926829092866
1180658966948397056
1193907245505032192
1193836557406539777
1193733147806097409
1184142021797257218
1183994960854560768
1183958173419556866
1183945809265659904
1183906104893497345
1188713730995113985
1188637697340071938
1188548264058068994
1188108105583861761
1188083705908207616
1187902386309926912
1183212990201552896
1191209482958884864
1191201906699444224
1191154627632345089
1191123821136400384
1195981600976187393
1195788772656451594
1195764265732464643
1189577379112476672
1189557025182814209
1189548453036212224
1189391397151006720
1189257685423869954
1187033291905478657
1186952225500868608
1186864511166365698
1186855487268098049
1186824900419436545
1186705966261309440
1177961788295528448
1177825997518987265
1177747853961240576
1177716505825435650
1177646007586344960
1189212192018706438
1189131723851870208
1189120544047849472
1189028381859422209
1188916581956542468
1188910344527323137
1188905822904037382
1188893734290837505
1195801224358060033
1195780299172564992
1186975639389245441
1186812124439437318
1186777011978690569
1186700585992704000
1186698041874665476
1177940165135867905
1177793884681854976
1177732455740186624
1177643458460372992
1177632818450636800
1187016105790988288
1187002668579016704
1186904537094938625
1186886072954957824
1186852825969647617
1186844555691413509
1186815315730149377
1186775057818963969
1186762972779155461
1186691716193181696
1191382541682524160
1191074598093250560
1187013491946860546
1186965983208136705
1186891372160258049
1186872777342668800
1186834757050650624
1186831501167603716
1186793539423875072
1186689186415501313
1196027576256532480
1195996974224461824
1177970544030965761
1177649316674117633
1177627664187822083
1191396329618124801
1191247792011911168
1191185994437009409
1191178019404177408
1187007994350977024
1186880743756238848
1186859826355281920
1186851187083091968
1186771886790905856
1186714301912043526
1188857944487661573
1188849576150745089
1188807285994336258
1188698366231928832
1182691527224709123
1182680129342001153
1182645335241437184
1182490992311754754
1182457948259471360
1182405875123785728
1191388368988516352
1191104253131206659
1177867473116418048
1177809885460881408
1188830505774526472
1188683205722988544
1185344613537767424
1185269779818520576
1191407316165378050
1191363919073423360
1191301422152929281
1191090340746420226
1188817031484891136
1188763514908876800
1188606817108217856
1177820635361349632
1178592023475097600
1178529025582669824
1178425323588898816
1178407944117014529
1178362809551376385
1196012270112903168
1195825471470088192
1188839164533530627
1188833410485313536
1188825116320378883
1188722140385820672
1177788482326089729
1177757208223866880
1177682928849031168
1189551208706592770
1189506788095397890
1189474407347044352
1189429333678530560
1189427744200970240
1189418987643457536
1189413429611773952
1189363621903642629
1189291792396640257
1189260840484118529
1186792091462057985
1186782211900616710
1186722130492309504
1195748752092532736
1193915787297402880
1193873876012412929
1193633734098083840
1193578583647772672
1188836247529242624
1188814226858676230
1188737496785522688
1188517925281513473
1188502428276137985
1189943958081855489
1189813006282178560
1189593838949752832
1177967349292507136
1177857207901274112
1177841579408723968
1177804584212930561
1177799104849690624
1177749996432711680
1177677651676454912
1188011293216776196
1187988135302615040
1187882776906870786
1187815505022902272
1187790894587678723
1183074015633727496
1193021815016304640
1186682614482161665
1186515946044821504
1186513357152673792
1186510751063793666
1186491947348905985
1186428422249209857
1186407141160226816
1186386142943465473
1186330599428120576
1196058577972158465
1195950906631761920
1195966353536098304
1195920206226493440
1187039548569718785
1187030255585972225
1186997095909203969
1186949528714432513
1186924385585827848
1186875470664654848
1186867202412220416
1186818614860664832
1186735982495834112
1188844227259781121
1188796316777963525
1188593843756830720
1179778641783349249
1179738213063315456
1179548906524434433
1179488558748438529
1179472146894073857
1179441963004780544
1186711490683899904
1187042296921055237
1187038510244601857
1186954923486912512
1186937631319511040
1186932286937358337
1186888713617510400
1186858251868147713
1186839740320010242
1179244242222374912
1179231510756544512
1179094014743732224
1191368853089136647
1191365697689051137
1191316755119050752
1191170316464246789
1191139324865236994
1176883147109294082
1176857267519594496
1176820124831166470
1176660010258055168
1176636717266329600
1193748752819007489
1193649302930960384
1193627713128538112
1189849874252087298
1189760716166877186
1189621496647434240
1189618421169823745
1193913193971769349
1193910213482553344
1193794826627690496
1193671869750284288
1193596714361540608
1177742243567943680
1177696348826738688
1177688190397886465
1177655488906960896
1193392203420372992
1193346331428999168
1176521894004232192
1176499363901779968
1176491421232181248
1176350243421638658
1176347317823266817
1176269871614758916
1176209172997783554
1176204267654438912
1187021414148329472
1186999918956875777
1186963270411927552
1186945273727197185
1186907400571359232
1186883368073478144
1186878128074956800
1186727561218478080
1186724904625999872
1186708791645167618
1179763003513815042
1179743448829775875
1179638306914623488
1179622599070015488
1179587929490018305
1179582329548939264
1179503267484753922
1192833194640449541
1192630510373265408
1192598979105763329
1192554681949728780
1192546257060999173
1192528395877249024
1193929487378976769
1193924079117582342
1193851728984182784
1189906628151316481
1189859819626344449
1189662337634119682
1189637664208773120
1186479638618488832
1186416420671885317
1186357519003860994
1186346741269966848
1180498320684470274
1180178705408245761
1188050512907780096
1187894639392710661
1187862095079051264
1179519642513096704
1179502321576939520
1186637742412910592
1186635098160095233
1186537047038877696
1186526521118330881
1186521191256907776
1186502620250333184
1186454015900565504
1186389333101764612
1186371565740609539
1188622254093099010
1178227649262604289
1189539864318042113
1189432080419246082
1189410650642157568
1189344871695421444
1189267747626242048
1189264691559837697
1189934753526538240
1189928784222392321
1189852618165817344
1189672376251883521
1189669365475614720
1189580109990289408
1189341701137154049
1189357538443177985
1189496154993713154
1189366577831055361
1180438091401707520
1186445948815319040
1186368704470306818
1186645796760014848
1186463145226899456
1187602975616843777
1187508639625601024
1187476849187647488
1177203411395235841
1176988905310171137
1176967396873179139
1176914810258296832
1176910368427388928
1186476504085123072
1186413545136820232
1186326883597721603
1180766740030087168
1187404372575182849
1187382487464497153
1187374419716509697
1187284431633108992
1187212121907617798
1187129358399475712
1176175262532341760
1176030904801796098
1175968215010295808
1175852136724389888
1190647453877452800
1190592384356229122
1190521172120784896
1190444641914630145
1190435568209080320
1190401192687554561
1190327704140361730
1180483050083438593
1180315265466327040
1180261473848827904
1180211032309895168
1180209817539006469
1180155536345649153
1180124297521704961
1187727145201799168
1187675318158577666
1187610888829898752
1187542527647326208
1187500162039635968
1187458860111536130
1195613793814024198
1195493897188851712
1195454153578950661
1195408625470033920
1195390803566313473
1187691409542963200
1187595262908420097
1187526234269339648
1190459477264347136
1190450140190035968
1190407536362557440
1190345769737437184
1190321562119016448
1175782987914469388
1175547263260811264
1176532493392068610
1176527067556524032
1176391023725076481
1176383358210859008
1176378317433442304
1176252863997206528
1176214466050109442
1180146096066240518
1180114134848933888
1180003232191569920
1179979995738976257
1179919007975198720
1179883105177477124
1179877683561406466
1179872470150635521
1179810018083905542
1186182624689246208
1186069384546136070
1186030382560546818
1188471681712570369
1188145849349672961
1188134636544811008
1179951966904037384
1179799960239378432
1183694746566430720
1177108145522561024
1177086658405179393
1177037748437471233
1176979629875322881
1176936189019992064
1179935851268263936
1179907522280513536
1179867178641887239
1179852398698717184
1179835579137171458
1179805474427936769
1187656954849746944
1187579867669372928
1187550681223323648
1187537955977596928
1187441286661492737
1187428030345547776
1182559468632072192
1191033949830692864
1195721639591329793
1195522822451466242
1195491157150781440
1190887070052605952
1180118852602077184
1180008399754403840
1179913934066868224
1179887921400291330
1178984954367266817
1178936476043743237
1178915047696977920
1178906542420176897
1178903728793018373
1178900823406977024
1178892528029982720
1178863329659498498
1178809998043955207
1178807381226078209
1178804608036147202
1178771449416429570
1185803750939746304
1185725825250988033
1185696679552524303
1185689608954302465
1185649650218524673
1177234718007418880
1177198761333927936
1177190559351496705
1177187999026679808
1177012297719586817
1176972515480150017
1176958052991475712
1187711799174598657
1187649111014760451
1187504085240549385
1187466725635379200
1178399114469548036
1196759451933515776
1196663687676911616
1196661056904540160
1196600675918139392
1196555504115429376
1196530520559108097
1196487796212555781
1194963311412027393
1194937915304005637
1194902454917308416
1194895219860344833
1194852680046432261
1194720197531316224
1194681335195017216
1185224151751168001
1185209582236393472
1185142892551122945
1185119660951461888
1185112461504065536
1185028595821006860
1184957194221043713
1184901923700461570
1184147422605447173
1184119546262802438
1184031056816726016
1184027039008993280
1184023043896696832
1183941815013199877
1183921055452282880
1183919343127670785
1176186933833338880
1176066145889243137
1176043744111616000
1180797511377805312
1180690416947126273
1188447218153459712
1185014028189556737
1184946521474768896
1184884421855469570
1196775191524892672
1196655733422657536
1196638963118702593
1196572458599485443
1196495859325833219
1196484828075560960
1183768358690394118
1183659354668572673
1183532701552402432
1183448960268226565
1190806471224823811
1190713368593813504
1179428712720273415
1179394377212399617
1179322780074024960
1179159302910726150
1179104986288021510
1179085077076160516
1188456127819911168
1188199386511269890
1188319884696080384
1179061403354836992
1178941901292081152
1178923743432847366
1178895052858417152
1178878266813210625
1178823723694116864
1178751957290438656
1178736473580998656
1174849657798844416
1180129567471755265
1180103545762254849
1179998010299879426
1179969618204594178
1192316594170531840
1192300464731230208
1192242449701359617
1192222085319479297
1192218164228247552
1192184646592798723
1187706967210516480
1187634224301531137
1187480722765963264
1187450547915427840
1187413871348404225
1177126347199647745
1177076235324841984
1177059015467159553
1177048454130032640
1177042900166860802
1176974335799640066
1176961242713468928
1176956688345309184
1176942563602980866
1180782200838639618
1180628575269085187
1190658273055330304
1190615229580926976
1190600718337622016
1190356295339167748
1190318547614011399
1183783839304486918
1183455267410862081
1186299781192261635
1186291109212884992
1186223660614467584
1186167391820103680
1186116605488631808
1186053890371981312
1185977209481285633
1180055563188789249
1180045139710005253
1179898672072581120
1178917958304841728
1178869372980486144
1178860377741889539
1178841319730565120
1178784631933558784
1178717427095556097
1195705615668121602
1195702603788800011
1195671226271903744
1195428756711624704
1178714335973138433
1178707298786652161
1178700088320888833
1178638072700952576
1178576805973942272
1180877662971138049
1180831346865913857
1185903930536026113
1185663812344696835
1185069149556527105
1185036397234794496
1184992302743326728
1184987934409269248
1187587447045214208
1187423182921371648
1177246056842715137
1177224450833551360
1177213153421209601
1177193687077535744
1190416270564503552
1190394835406114816
1194905102080983041
1194753845336956929
1194711981770579968
1194664406375907329
1190961886940082179
1190869462729347074
1190838876052570112
1177216024694968326
1177118709883817985
1177068847716806656
1176956196772876289
1176905249472335879
1187769078808793091
1187732683343970304
1187732562212524036
1187719368567857152
1187664905354317827
1187472861914488832
1187418366295920640
1182684262123872256
1182661819527286785
1182595199664644096
1182547619593310209
1182542014539358211
1182474700292853760
1182363349738242054
1184961556137861121
1184941787900723205
1184886066639261696
1185217662483423232
1185185864718213120
1185065175180820480
1176758032245637125
1182509373383426048
1182494992192946176
1182439530462437376
1182426642834186240
1185888462907629569
1194960414808985602
1194888314802917377
1194799136463347713
1194796562989363201
1194735744180465664
1194706706011426816
1181942747546161154
1181884448717070337
1181880476098863105
1181718890692452352
1181714282779676672
1181702967696773121
1181695215502934016
1181649150707982336
1190760176380452864
1185228265159643136
1185212042866761728
1185146813168476160
1185097103514750976
1185081152870191104
1185077141953798144
1184980385496797186
1184879945161609218
1181745228987998208
1181709831771697162
1193041648319680512
1193028095361593344
1193018690951929858
1192968162087768064
1192879906516078594
1190977161265664002
1190298588565213184
1190080892749922305
1190059986849845248
1190047634238689282
1190030384416907265
1189972632566931456
1189946430947045377
1190878720262918145
1190722979174453249
1189209266403577857
1189184451156369409
1189134570425323542
1189128923214426117
1189041185698078722
1189021461769527296
1189009119044349952
1188987143940648963
1188945024102387717
1188937421909643264
1194997043636441096
1194994478949556224
1194943390976237569
1194889584401928192
1194802457093836802
1194760484458815489
1194714785163689984
1194692545684615170
1194676367306178563
1194667082429980672
1185880662844289025
1185818981019590656
1185744215843758080
1185611171983953920
1179044300933533698
1178909366541541377
1178886727995445248
1178856491870236672
1178826687980683264
1178812650651828224
1178758260104613888
1178733441770233859
1193901489552609280
1193859555219910657
1193825281578024961
1192403641325490178
1192187489567551494
1192400961605640194
1192251112218345473
1187391088077819904
1187385330258927617
1187371510899580928
1187245184993648640
1187143664931356672
1187113422552473600
1176189854226534401
1176183295656255489
1175944172802584576
1175924027006824448
1182616355704586241
1182529800486998016
1182517524329631744
1182487154766811136
1182482438829817857
1182435729034616835
1181937709813776384
1181925376324460544
1181801849080418304
1181770318727258115
1181761112720719872
1181740789967273984
1181684546200391682
1181668980123164673
1181625476042895360
1189196927675568128
1189140046688989185
1189086012284252161
1189035752442814464
1188972087790231552
1188951525630136320
1188919482372313088
1186403853136257024
1186379962594541569
1186360308903874564
1183517313439588353
1183501611487911937
1186660392837242880
1186652331452063747
1186505395713523713
1186485793642156032
1194954877228769282
1194921083339726849
1194787464625426434
1194772780564307969
1194708938312364032
1175060232696938496
1174993090098139136
1174858597433577475
1174843889808789505
1183730577339539456
1183420726126227457
1180206190384558080
1181909593708007424
1181888492978278400
1181797912910729217
1181793874227990530
1181785903292993536
1181705949658124290
1178546176485756928
1187379857497513985
1187197113681240065
1187184990586654721
1187152873899134976
1187105543627956231
1187051176208015361
1180490713877942272
1180407803929927687
1180242203869884417
1194899897109094400
1194886978946420736
1194884240078491653
1194835356522291200
1194820165172641793
1194813721249488899
1194807827828744196
1194790085138485248
1194769866298920960
1194766896178044929
1194763834311004162
1194723045014945792
1194689908792840193
1194672075266543616
1196603308795944961
1196542096049688577
1196524779165159426
1177257651333468160
1177169907408089088
1177164697759559681
1177123820555165696
1176969646873989125
1176941331899400197
1176920812273713155
1187558402710523905
1185232238398578689
1185197218753589253
1185100891986284544
1184891931823878145
1179033716716380160
1179007188402163714
1178881177895276545
1178829428027199488
1178796142034898944
1178768851334553602
1178760929728716800
1178748766498766851
1178723053888512000
1178720270540054528
1185912004663480320
1185711922764795904
1185626632578580480
1175864826905714688
1175825699959169024
1189175830250962945
1189072585620885506
1189000208924983297
1188948271772950536
1188895740883603457
1188891106093740032
1188887088072220673
1176198453887680512
1176161156890877952
1175989896080711680
1175929909421780992
1175912686288277504
1175776978084990976
1175726744822792193
1175649730682085376
1175554775896735744
1175459959674474499
1184130004101320704
1184101842273349632
1184035183739228160
1183983568709718021
1183954314227863553
1183937532263841793
1183862050835124229
1183832793501110273
1176185038813241345
1176167006871142400
1176073713869082625
1175949372867194882
1175933529210966023
1175886338329120769
1175814459539042304
1190536327495856128
1190490974746763264
1190475993309429766
1190453299591270400
1190430779958005772
1190259389724319746
1190228949458137089
1190035199918301185
1190021102816440320
1190640626796240897
1190398066123329537
1190370550083915776
1190350442485735426
1190312465986445319
1175567494913957890
1175496650351099904
1175465467202494464
1190462636481269765
1190432398481207296
1190348915066970112
1178673353634320384
1178665263308398594
1178505480089620480
1190309694486798336
1190270159342243840
1190153604046446592
1190125746150395904
1190117062779310080
1190114521744060416
1190071582166786049
1190051261934120967
1190041486685036544
1189972806471020545
1186671662990798854
1186657594225692672
1186554403827912704
1186531810999783424
1186469445641920513
1186439855066308608
1186398198400798720
1186374690698346496
1186365818004824064
1186363050871414784
1186344187484147712
1186333405946007552
1186327876720906242
1196810299304751104
1196809102225215488
1196738420778901504
1196677981537800192
1196585347985084422
1196539015706677257
1196506700477599745
1196490447331512321
1193176122042834946
1193044231646044160
1192936817512857600
1174904392635408385
1180134763081998336
1179861814731067393
1179856663240740882
1196807410423345157
1196658432889278469
1196641648840790017
1196611503639666688
1196595273306460160
1183858062005813248
1183811273483603969
1179059472003715073
1179012615718223872
1178939035647188992
1178872327028781056
1178853682093449216
1178778987742597120
1176119129524379648
1176086303546499072
1176050096263311360
1175965522585968640
1175956189424865281
1175925169552023557
1175819631182909442
1175713768703234049
1175534464539271175
1184138164723732482
1184096217791451137
1184111712506695681
1184052536724131842
1184007165079625728
1183916767581786112
1183902176743215104
1183896390751137792
1184134337194856448
1184121848361115659
1183973761718075393
1183929500456894466
1183926212181274624
1186308135985778688
1186297216505450498
1186276126936780800
1186208532435218433
1186147419488227328
1183910912979324928
1183892332539760640
1183820391371988992
1183805012838961152
1190382262296207362
1190373860719431688
1190324238609240066
1176185755691102208
1176149314227363842
1175916861667647488
1182695599088517121
1182656721996656646
1182642133834125312
1182506029990449152
1182431317297893376
1182410451465965570
1182391814231416833
1182387580798750725
1182371310682419206
1182367300365799424
1182350951967088646
1183760294595706881
1183699974573428736
1183605051266347009
1179423580234403840
1179312267189506049
1179301812320587776
1179149231564541952
1179134382612897792
1179110473876361216
1179099196261126150
1180834468514484224
1180860385458565121
1180643849745641473
1189113136772722691
1188981146912210947
1188969032097120256
1188897761988612098
1188878586322788352
1188858282850553858
1192414891728093184
1192406704601870336
1192377868069875717
1192271465388892161
1192268885124407296
1192226636105691136
1192219771720421376
1192131203450724352
1188154130679902208
1186084626579836929
1180512768849584128
1180272597428310016
1180250955209674757
1180246947002761216
1180183968114708480
1175700834476339201
1175618590722220037
1183796844096294913
1184125812611731460
1184066125753180161
1184061978098176000
1184015019069063168
1184011082421194753
1183991166133555200
1183969902568394752
1183898197040779264
1183853882839048192
1183836600880500736
1180013499222810624
1179946411602956293
1179923967798370304
1179819979107192833
1186254512044105728
1183643970280275968
1183583199651344386
1180029403184668672
1179963783466364928
1179941078067224576
1189440190877700096
1189437495789920256
1180157790368813057
1180018896381849600
1179913340811915264
1179901808535392256
1179846568637353984
1179841017568268289
1179830194921725953
1179813953704267776
1190661248540696577
1190441488825667584
1186319257182883840
1186269818212798467
1186158880356814848
1175932364289167363
1175904968378920960
1192409377124302849
1192311241441722368
1192163171903127552
1192157817060384769
1192154934550114310
1192129402106187780
1195001983066882048
1194966297425121280
1194935124967735297
1194829289558024192
1194739002387107840
1194732422635671554
1189110540074926080
1189083410108686337
1189049131718848512
1189015183018082305
1188942002391605249
1190617875930845184
1191007722814279683
1190917972606492673
1186316217839181824
1186305279761276928
1186156027173052416
1186015211175731205
1175454756007022592
1193534361502654469
1193503968023986176
1193376755714842624
1193288632427257856
1176180907314765824
1176177530191196160
1175968070348787712
1175906347705090049
1175892041739513856
1175877536942895105
1178883879618383872
1178866359503077377
1178801758296035333
1178777126939643910
1178766763674066944
1178742939880697862
1188412063686807554
1188365781022756864
1188274952237178881
1188250980246310912
1188225554371219461
1188210209573015553
1192453804475768833
1192398284104634369
1192341612430528512
1193144569908596736
1193133820410761216
1193130851179147264
1192972850518511619
1192870489229811712
1192864632559620099
1190277692505182208
1190214434427408385
1190209141291257856
1190044545368625152
1190027096728489985
1196804404369862659
1196796081083957249
1196783890012262401
1196762130067972099
1196684019888472064
1196580237628362753
1196552835569192963
1196533691801051137
1196515411187191808
1196512551200329730
1186322358338052096
1186132044868440064
1185992846895173633
1190948708537511936
1183903393837920257
1183886445897048065
1183878350160445443
1183736381316702208
1183682625954865152
1183620443439284224
1183470524854407180
1196753905864052738
1196591900930826240
1196588660755443712
1196567225781673986
1196561384374452228
1189181465868865536
1189123255438843904
1189018264850124800
1188908005410136072
1192412114733932544
1192294545075118081
1192282564289081344
1192276114988765184
1192253954631057409
1192190642996334593
1192142779381637123
1182664240278228997
1182622037510180865
1182513444291039232
1182498002361077760
1182462384386068485
1182355214092951553
1189554165128880128
1189511964290097152
1189475681798967297
1189407897115123712
1189400592441118720
1189372447671422977
1189261761511350276
1183874675182653447
1184043156192530432
1184003176804040704
1183966017753698304
1183933530394550274
1192417652016340994
1192383230336544768
1192291628544929794
1192256834326925312
1192239572563963905
1192231118768095233
1192139686845861890
1196630422358306816
1196608757414998016
1196575005091516418
1196509679867834369
1196504012822130688
1192372208531836929
1192355834002583554
1192179213656346624
1192165785868939269
1192160566279856128
1194989360090890240
1194912985493442560
1194890862611841025
1194885627004805120
1194881521527787521
1194855458445627392
1194816944391819264
1194810423457075200
1194784902128033792
1194725963545923584
1194678227219955712
1175765471754379264
1175688118659366912
1175508533216985092
1183882428470964226
1183870282672562176
1183849851374784514
1183824672330338311
1183815328968695808
1184146108060241920
1184097703619420160
1183987354312286208
1183977603637698562
1192461404646842368
1192453948600397825
1192429737743966210
1192375052324483072
1192344206821466112
1192306044015456262
1192303427214303232
1192229604901244928
1192209352473661440
1192134189019226112
1190815311328686085
1190787062129209345
1190736929073053696
1190704726343634950
1185865290984411138
1178530938915045382
1192458718463565827
1192432619042070528
1192248361275023361
1192215197529837569
1186302484849070080
1184076547227037697
1184057845878345730
1184039334573420549
1180751411602186240
1180024164821995521
1179930278711775232
1179925451910897664
1179893374012268544
1196895134912258050
1196889998202744833
1196877445523234818
1196847554094342144
1190606622009233408
1190493885350502400
1190446990993317888
1190379447347744769
1190377019416154116
1190357734937505792
1190315474904637440
1175502453774725122
1193558954175090688
1193458069302398977
1193422214017761280
1193416484657217536
1180535909181263877
1187377329561133056
1187314237548482560
1187250643800604672
1187223044466597888
1187203532933476353
1187188269240463361
1187178621544423425
1187119736456437760
1192405164063428609
1192319303648980993
1192297500322992128
1192265692344672257
1192236723834634242
1192233984836677640
1192223587291279360
1188335111714082816
1190301698004267010
1190108274084995073
1190098688091271168
1190023896222830593
1189777804642131968
1189747065502523393
1189596560440676352
1189595319312535552
1193067155773952000
1192889702707343360
1192861098661335049
1193052120238428160
1192988437223227393
1192970106890051585
1192903732142497792
1192876671961124869
1192842154034552832
1176293582556270594
1176207379580542976
1181930022115958786
1181921285401649152
1181825654293225472
1181821549269180416
1181813736987922432
1187220477477117952
1187200251603673089
1187163482501926914
1187108724973932545
1187328295572033536
1187325419902717952
1187311512727232513
1187308814653104128
1182631032509599745
1182555464875290624
1182466172966625280
1182383437430296576
1195693586874019840
1195501368255098880
1195387738134138880
1176236298681704448
1178847570807971840
1178844462887428097
1178832305445642240
1178793269817462784
1178774590404861953
1194991916103938048
1194986450158264320
1194949190532698113
1194832381280215041
1195713294100774914
1195412512730210304
1195401451050348547
1178710200129335296
1178704196595589121
1178697020598624256
1178607415194988544
1178530686342488064
1188381222755549184
1188350255731036160
1188304366572396544
1188259556771684352
1188190780504055808
1188181017934356482
1175084045690134528
1175046347373862912
1175043802647715840
1174991510195994624
1174874509616324608
1174842966336294913
1179993588299653121
1179975674632835072
1185061031913107457
1185020257045536770
1184952827766104065
1184922172474740736
1185221456357138432
1190609203603394560
1190595306087473152
1190385101022146567
1190642273098354688
1179056565929816064
1178990591826378753
1178932023974600704
1178815313397374981
1178781822408417281
1178745469947842560
1178739723667431425
1178725996180250633
1175580400871231488
1175490406676672513
1193211705951694849
1186311036401532928
1186093545909882880
1180422449718087680
1180303992875880448
1180292805740187650
1176201576312168450
1176195447184117760
1176179163335729152
1176132091794329600
1175921310591016960
1175911486079807496
1175840268949622784
1196793423329665030
1196569926452027392
1196544741195862023
1190275563023409152
1190264856638869504
1190111406613499904
1184105897007689734
1184055810885931008
1183979463903764481
1183803060319145985
1188808801912328194
1188771458216026112
1188652889239162880
1182619259958157312
1182401310567665669
1182392841043107840
1178622816968728577
1178474869731811328
1178459522123341825
1178416743582183424
1178347212675436545
1193185251612405762
1193179080822284288
1193136779060293632
1192960263089246208
1180194619952390144
1189583042559578112
1189519376229244928
1189464700314103808
1189426172066697216
1189251805420675073
1190280444983463942
1190272662263742465
1190142360564445184
1190068653531836416
1190007028770648064
1190004267207315456
1189967232148877314
1192930520902057989
1192873588359122944
1187258069446807552
1187248004966895617
1187155987838504961
1187132123817414657
1179036243058941952
1179010086359965696
1178787459330691073
1195684900290080768
1195583608830005248
1195514743383101448
1176409653414117376
1176327493848092673
1176286001549008896
1176280026054057987
1176277617005252610
1176264131902681089
1187679658659196928
1187626301764624385
1187388140241203200
1187228476706873345
1187209593811853314
1187206764418289669
1187118218630090758
1180362306062036992
1180298433476939776
1180256232973713411
1180173399252975616
1180167972847017985
1180873427172937728
1180847204191354882
1180736255253975040
1180705730212585472
1180674504537886722
1181774015465172992
1193361549966098432
1193263231487361025
1195010172311261185
1194957704856526848
1194805123752562688
1194782258625994753
1194751229496352769
1194729233408577536
1194669654553374720
1185526230361227265
1185455703240130561
1185451428791369728
1185411207928397824
1185400778011402240
1185381252519604224
1185325128311279617
1195407214808313856
1189189511651049474
1189057018109321216
1189043813723049985
1189038507521654785
1188966112945414145
1188963161321459714
1188884528930152449
1188875689178664960
1188861250475909121
1192449027108999168
1192308629464059904
1192212329775194114
1192123479132385280
1193473441267175425
1181935297740840962
1181891568946614273
1181789819522949120
1181665459390861312
1175801721458700294
1175788826423386112
1175662522042593281
1175593144320217093
1175522620571291649
1175485044481298437
1175752459089842177
1175479054406995970
1183962058209009664
1183866238541451270
1183844426399059971
1179015145349111808
1178993405722009600
1178897955920793600
1178820815451836417
1178798943456636934
1178764009794871297
1178754972453949440
1185671080268226562
1185595746403397632
1196681390198284288
1196652910953848832
1196605977140846592
1196558044169166849
1196536371575439361
1196527906895339520
1196478935124627457
1196475881335721984
1193407538420703233
1193282926869405696
1179025889029439493
1179017771482537984
1178850624970149891
1178835353769316356
1176504756157784066
1176488399760502784
1176436157313421312
1176415019795435520
1176373009571090432
1176342484756156417
1176300464423473152
1176266996809420800
1176258484922474496
1176247271010328576
1176241754183483396
1176217061883895808
1176211783138324481
1175833913668853761
1176848813820133377
1176646533976117248
1176623755935780865
1176444240395689984
1176429710965968897
1176344205557424129
1176323983777718274
1176282035058552833
1176272699162865665
1190307130236112896
1190168006686625793
1190139727543963648
1190087020166684676
1193173126194094081
1193039064976515073
1192976016291041281
1178520603961090048
1178489976834678787
1178387356782678016
1178378207172681728
1176233603442888704
1176225670407610368
1185115593730674688
1185048563170136064
1185018489242898432
1184977589917683712
1184929968045936640
1184918108483543040
1183548402509983744
1180869574973120515
1180812886328918016
1180721106900209665
1180554541667946496
1187048545578340356
1186841374550827009
1186783781275033601
1186759588890206208
1186697740497100802
1186442945228091392
1186437378803671040
1186434323936878593
1186422322535772161
1186419390411132929
1186401375510585352
1187751669108490240
1186649725589774337
1186523867537428482
1186405465737125895
1186376983623749634
1178416052197380100
1182687152561410051
1182657865888215042
1182654143015600128
1182577979534249984
1182573287513214977
1182537842154758144
1182419080730546177
1182379472739274755
1182356308227481602
1182342394013999106
1176511264966791171
1176425504687185920
1176420363904933888
1176261351041318912
1176238968498774017
1176210478625886208
1189203685764718592
1189199453665804288
1189193933680594944
1189186988580061189
1189003226508644352
1188994000247635968
1188991011768418304
1183240684951822337
1183163685797273600
1185200558405279748
1185196495928209408
1185005202417639425
1184969100734488576
1184876083168059392
1187778139134533632
1187776955397091330
1188443009492361217
1188172273276129282
1188164549171654656
1189937521045786625
1189927421576921089
1189897195111288833
1189862735946891264
1189855392202924032
1189775157805637632
1189667556749127683
1189664712000262144
1185602093224214528
1193237957932724225
1189434782943457280
1189369482923384832
1189288558261100545
1183715310744096769
1183674716374077440
1183589819231952897
1183433566102929410
1189585739706781696
1189450651140608001
1189360500666224640
1189351097753915393
1189304453075214336
1189298319719305218
1180520636260765696
1180452882837098497
1180426872619974657
1180286803783426050
1180266770277568512
1180238269633765376
1180232542009647107
1189574657432805376
1189536983892316160
1189416206664552449
1189244255740612611
1180034712389246976
1179989206728396800
1179985338468622336
1179975188911398912
1179973535646781440
1179902779478937600
1179825087983341569
1182651597458944001
1182533782420840449
1182521664871030784
1182449523689480193
1182375384433733632
1188427430412869632
1188396644523491329
1182668080503230466
1182346550737080320
1180474502142156802
1180200356044779520
1176438925356937216
1176355367288225792
1176290301025095680
1176287474290757634
1176244647322103814
1176231069277966338
1177178815442903040
1177095500559990784
1176962003975462913
1176948424593281025
1176899731454402560
1175044926574387200
1174963912078311425
1174898877490577408
1177229665733423105
1177155698691584000
1177090334846783488
1177007085487296512
1176982339232161799
1176955468943646725
1176931596781477889
1176926096438243328
1187765163811889156
1187759660859908096
1187744087052554240
1187736494448005122
1187564447000342528
1187534513863364609
1187435993202192384
1191339911212867584
1191263159635660800
1191098428232806400
1191082475637923841
1175086808469819392
1175074277974056960
1175066197458673665
1175063438030188544
1175057611793805314
1174892271243804677
1195676745711734786
1195498205158543360
1195396160376201216
1193127855988887552
1193046830604521472
1193031006208610304
1192933633327292424
1192899371689500673
1192882710664171521
1190194276526952448
1190084036099788800
1189975358872969216
1190295530347388930
1190198661323673600
1190122856576884737
1190065871324143622
1190038393683693568
1190011735337525248
1190008467236503554
1182609495328993280
1182478518481014785
1182415097815277568
1182396953973407745
1176219528981897216
1189206556228964353
1189170991194353665
1189137169916616705
1189046490704105472
1189024543278620672
1189006206867853312
1188997148349812736
1188987828765638663
1188984158175014915
1188978084067844096
1188930535273517067
1188925298861051904
1188903045574352899
1188881533983170560
1188872782668615685
1186283478926663686
1186197765774348289
1186045873400242181
1186008005457973251
1183568814744784896
1187618682039607296
1176284674076884993
1176274641301778432
1189173159586435072
1189080771635662848
1189012137454297088
1188913409250738177
1188888162036264961
1188869760110473216
1177240892283019264
1177235504733069313
1177208879702323201
1177147151819952129
1177062766726864898
1177054766800801793
1177021750586032128
1176945396775604225
1183751621488062467
1183485967124107265
1179053803334782977
1179047104418844674
1178996140030726144
1187322535416881154
1187057533887942658
1196644289339691008
1196597938098716672
1196577607782932485
1196550163940151297
1196493213869203456
1179748587661602816
1179712620078780416
1179708056172666880
1179633081914929153
1179627742331097093
1179617443079184385
1189196495138021377
1188957302793084929
1188939015917096965
1188935125809188865
1177208814954827776
1177185119595106305
1177175243548516352
1177113446594306048
1177051495373647872
1176976792789356545
1176918063742115842
1175636791199768576
1175631222913081345
1175605874250997760
1175473070573871104
1185633881283792896
1189142866892939265
1189093506607919106
1189088628170989568
1189033034022084609
1189031474521096192
1188933112752955392
1188927648317214726
1188922313523240961
1188866739402170368
1188863893214580738
1193488569874206731
1193427593783107584
1193303828239654912
1193277379625533443
1193243967288225792
1180545864714063872
1187699326446981126
1187683619982270464
1187671098701287424
1187519219321266183
1187446065047445504
1187431978871742469
1190992363549810688
1190902539480391686
1187641391914110976
1187491997474611201
1179433965985382400
1179281039585419264
1179220679021006848
1179169838536761347
1179088309504622592
1177254586475831297
1177251331087769600
1177182078007463937
1177065565279666177
1177001899532460032
1176991559985901568
1176985510373404672
1176155512964079623
1176099071888637953
1176005411864043520
1175992676463861760
1175977182017052673
1175957614796136448
1184050956826300416
1184047037635010562
1184019014441414656
1185236272333373440
1193162526122528768
1193151299933659137
1193033655704334338
1192994593471705088
1185194149349396482
1185123796728123392
1185093269241368577
1185085263959207936
1184948318419468288
1184937207720796160
1184933077379960843
1184914108895944704
1184910151104585728
1196816063746453506
1196806979764805632
1196756854950563840
1196481860865601543
1193319464630210560
1193271559215108096
1193250570414497793
1193226821061554176
1190830627358162944
1190796896262148096
1192313922742898689
1192212304147963914
1192206401139040258
1192181924548300800
1192145483143294978
1192136746617704449
1176192886645432322
1176172872731176960
1175910149908774914
1183745554964242438
1183563405740924928
1195690716409798657
1195568444177100802
1195516052219793408
1195433817441472512
1195429040070561792
1196801791029055488
1177219231538130944
1177160934953029639
1177103033328689152
1177032565296963584
1177026850666758145
1195004800695451648
1194999602694496256
1194927684742197250
1194924989641822209
1194841656757014528
1194838478296698880
1194661334463455233
1190360847354343425
1187733424771129346
1187572136275255297
1178690235393294337
1178530178756202497
1178681786865475589
1178657011879337985
1178561524551622656
1177081409128869888
1177017905881538562
1177150371099283456
1177141948194402304
1177131473473888256
1176494111030960134
1176388571848163328
1176318894547619841
1180881794012516352
1180587068545585152
1191025593426546689
1190853986867388416
1190304379028606976
1190267312059887619
1190210721948356610
1190134205008764928
1190077666218655745
1190062901261983745
1190002998384189440
1189949396936536066
1189220585542426625
1189202731787010049
1189029942564134912
1188974993507573761
1188960243344171009
1188954458295865344
1188900344828481536
1195007348244467712
1194946295531749376
1194940620034465792
1194847164612120576
1194844383612456960
1194826756097806336
1194778928168263680
1194775836316065792
1194748619393503233
1194742107883409413
1194703710447951874
1194700880488140800
1194684394331660288
1178440653681938433
1190652539051630593
1190598255903739904
1190410750289993728
1190404423081697291
1190388354753404930
1190367286038802434
1190364075718561792
1190353390502633474
1190342858773073923
1190339991798472705
1190338607372029952
1195715874034012160
1195674193062498304
1195469691969589249
1195404523256373248
1195398867157692417
1193015560562528256
1192965054490140672
1192957211754029056
1192927965832732677
1176516733387059200
1176491132756344837
1176404324857106432
1176399066667913216
1176364120456798209
1176361200613040128
1176357927155830785
1176335358612705281
1176307802228350976
1176255633911402498
1175076974710206464
1175071476376117248
1175062006455517184
1175053415963082753
1174895380862885888
1174837724693577728
1190286353268908034
1190136976739045376
1190128593348808705
1190090071329923079
1190074560646963201
1190054014223867904
1189980867525054465
1189969975546720256
1189951953184477186
1177136809240858624
1177073018486628352
1176996715490107398
1176953750747062274
1176924247597432832
1176915159052443648
1180220323901431810
1180215829918564352
1182634919308214273
1182582903722643456
1182502003093725184
1182470841780637696
1182445743250006017
1176527023352815616
1176507514936070144
1176393910526066688
1176369872424570881
1176367012320337920
1180320962857832448
1180189188165115907
1193204930225594369
1193024932755718145
1192942269105610753
1192893848193830912
1192886890585894912
1192867417938104323
1185108490035060736
1184897506381107205
1193541596832313345
1193519217074683904
1193442962073694208
1193334606512168960
1195681914679701504
1195667378916511744
1195504279320170496
1195457305728471040
1195409791277051904
1180162860502196226
1180151613815771137
1180108881718104064
1185946531599396864
1185773143501234176
1185089368219901953
1185040290232573952
1184925797745860608
1184896409784508416
1184878502018985985
1192825293976813570
1192807148599664642
1192790521963536384
1192726076071563266
1192621870245466114
1192565869081174016
1192538279691898880
1192529901422874626
1192499939915505666
1185139032273100800
1185104710929436672
1185073104759992320
1185001324368322571
1184973325090672640
1184965861142155265
1175048513794859009
1174935669124128768
1174897326088839169
1181960308967006213
1181956236264267779
1181857528520544256
1181809683545432064
1181754138381733888
1181673159617126401
1181657403542118400
1187319753792282624
1187181785265913856
1179030768699482115
1179028220487884803
1179004369469149184
1178987691133849600
1178933893258498048
1178926674215342080
1178912194274181121
1178889590427570176
1178875191633567744
1178838202204995584
1178817974599331841
1178790307246292993
1178763531598077954
1193612173534277634
1193590016188014599
1185213766306320391
1185203968626036736
1185052763836825601
1185032487501737984
1185024802651852800
1184996704040505344
1184905898755547147
1179265239407312897
1179259981880860672
1179203322680692737
1174995881533366272
1174983056374939653
1174980401946693633
1174852783490641920
1174846807224061955
1187302059969789952
1187159237488730114
1187126070774030336
1187111843615121409
1187096193886760966
1182672116614881281
1182626989389373446
1182525772524933120
1182453663614296064
1182359402050998273
1195687780497707008
1195534388433424387
1195528429141200896
1195426211255767041
1195393489976074240
1195385898877247488
1186239088719998976
1176537949175001088
1176502499378905088
1176499848117460993
1176432641085755394
1176352837367975936
1176310550827077632
1176296273147830272
1176250045143932933
1176222543344230400
1175373832045154305
1175266439890182144
1175250139151306753
1175242456134225920
1175178796573609989
1175172605843689473
1175163675788959749
1175114370344476673
1175097423192043520
1193550189799395328
1193256601613950976
1182309876070043651
1182219681224122373
1182186654636941312
1182126292117987329
1182123536917450752
1182104762709397504
1182084831494234113
1182072596449374208
1182057902514851841
1182038553032904704
1182026770863853568
1182020035046449155
1190292490148098060
1190283490543259648
1190212156291244032
1190131432682860544
1190032103083302912
1189178587288612864
1189126070286671872
1189054368852652032
1189051718857822208
1188940527061864448
1195365467755622400
1195292182112022528
1195272846651645953
1195270273051832321
1195033072523186181
1181580551364333568
1181557483753619457
1181474506264780801
1181357610781609991
1181349052622999553
1181258825334169601
1195289596524937216
1195283727712174080
1195229027050704896
1195078080353714176
1195075457152114688
1195072312913137667
1195061532054437888
1195047116089024513
1190744784157188098
1190694594033442816
1190679357976653825
1188289078971621376
1187396640459624451
1187393845488697344
1187242316588867584
1187239506468134913
1187236714911326208
1187233981030420480
1187191500226138112
1187137199076265985
1187099386792366085
1182887669589827584
1182850827536535553
1182762511243853825
1182715794465144832
1182707536010629124
1182251046099402754
1182204501266194432
1182128988556271616
1182232402871144449
1182096742080233472
1182042616516562945
1182030567019356161
1181981207527149569
1180612953072193536
1180597314005553153
1180578608567349250
1180569734447800320
1194361020040564736
1181596913046564867
1181592606469435394
1181560659403771904
1181327973884026883
1181287136537899008
1181966782950715392
1181877148128350208
1181865796211003394
1181845468751519745
1181829652547067905
1181805681604747265
1181781893630566400
1181765686345043968
1181749548697444352
1181661215224930304
1181621685553893376
1182289505040191488
1182267800020307968
1182244227306135552
1182179305536790528
1182092688553910274
1182088834961608705
1182046102696136705
1191562825870823424
1191473322216873985
1195262477816213504
1195257179583983617
1195055841621229568
1195037044940128256
1181938694019833862
1181897732912533504
1182330208336191489
1182314010110242817
1182279852042473474
1182159192095891456
1182044823345385472
1181974496158343168
1183062010365394944
1182804744810708992
1182743381878935554
1195375612342521859
1195350227169030145
1195303566723948550
1195234388667195392
1195230425234493440
1195069429010317313
1191746569277706242
1191717750126854146
1191594181480898560
1191510729318453248
1191426333672382464
1187272101222322176
1187194694847160321
1187175497828057088
1187169157227388929
1187166103753150466
1187134654974963714
1175739731595972608
1175675521486774272
1184115636101931009
1184070201761058817
1183999101563736064
1183950030467678209
1183840512131899393
1183808981611008000
1182283727990382592
1182254354658668545
1182116975578927104
1182080412291620867
1195343929018847232
1195339530561306624
1195281038890717184
1195239687394406401
1195237016306409473
1195224755718250496
1195012371707834368
1196805554276126720
1196798795557875717
1196755588111360003
1196751021932007427
1196518551378628608
1196501367805947904
1196498492048498688
1181198660954152960
1180977742394904576
1180953612354281478
1174966501314420737
1174926828894445569
1174907143985623050
1181946803006136320
1181942281454137344
1181913763387195392
1181731649236680706
1181727845078437888
1181681216770232321
1181645137199484929
1181637977962926081
1183914154551336960
1183828948330909702
1196825061283504128
1196818994164097026
1196636325656563713
1196633661111783425
1196582781867962368
1196547501593112577
1196472993737793537
1186313656482619392
1190655437093380096
1190644791006109696
1190603701104320513
1190468028204498945
1190438458239717378
1190419550417956869
1190391641569402880
1190381076738383873
1190341416477712387
1194918328663445504
1194907677090029568
1194878665294827520
1194849926439743488
1194823437971345408
1194745254152491009
1194639588133949441
1194625277390991360
1194600865107193857
1194314206641840130
1195286670695960577
1195259871115001856
1195247813191442432
1195242374907224064
1195231840799526912
1195089573413629966
1195044541763661824
1195038769306619906
1195383281509904384
1195362803718279168
1195718929794183168
1195659095031857152
1195474436612382721
1195440760549707777
1191709880224272390
1191686538708606977
1191570414486671362
1190663855887785986
1190649980370993153
1194952078709444608
1194915671915876352
1194893894976233472
1194717408298180608
1194695323874185216
1194661276594638848
1192456536435675137
1192450920052854785
1192369365078937602
1192289062402560000
1192126376293404674
1185961813885755393
1185849810005495808
1185834458102018049
1185788284447969280
1185757745322049536
1185656695349010434
1185641090327764992
1175079636977541120
1175027460347502598
1174985669359198213
1174918136732078082
1174909909122469893
1174901657907253249
1174840269210038272
1192039215967682560
1191863780143222785
1191812160558551040
1191729929966280708
1191518347457966086
1191496825704009728
1191479979701395458
1191446638700761089
1191441703397462021
1192106892602073088
1192104175229980672
1192101156601892869
1192074813277380609
1192072232404750337
1192052360035667972
1191857513471365121
1191779929316306958
1191763368455147520
1192098309713870848
1192057918977400833
1192043940700196865
1192024810580271104
1191959436824330240
1191913601478594560
1191879138883317760
1191848124442185728
1191788364330090496
1191771028520886273
1191760011053142016
1182334247690031107
1182148221835063296
1182140334450577408
1182053796077346821
1182012750140203009
1175437895827697664
1175367964004143105
1175348991451717632
1175213752855216129
1175185069784408064
1175138043881295878
1175106369550278657
1193139703333216257
1193001448738570240
1192954191922311171
1192891096138993665
1192120548194689024
1192069285977448449
1192063461544677377
1191997864597168128
1191962172349399041
1191945332768292864
1191939776292761600
1191902772087676929
1191806139480125440
1191762749807837185
1184464846017961984
1184462465033261057
1184428416306683904
1184424522180628480
1184337010426814464
1184322597217017857
1184286608956317696
1184252642605830144
1184175359761276928
1181512478267719680
1181431350894747650
1181361809388953605
1181315487113924609
1181311412800561152
1181254893472010243
1181608924522450944
1181588474308247552
1181482705554477056
1181450847504474112
1181447021984657408
1181307257117696001
1181290715495698438
1194637494064570371
1194516502629748736
1194477624892043266
1194451555963035648
1194368922251878405
1194336240704860161
1182740666528534528
1182860409663086597
1182751059267248129
1191727183171084289
1191694106898128897
1191578679240986627
1191461415233761282
1191454565461348362
1191433916244275201
1194650523678449665
1194623530241052672
1194535725263249408
1194309304389709825
1184492662499483648
1184488403263524864
1184438909608038400
1184325253578874880
1184283086017708032
1184249891582861312
1181970677529755657
1181964129856294914
1181952805852123137
1181901517042925569
1181841595718651904
1181837614585909248
1181757627786764288
1181736096083976192
1181698488599502848
1181653307263213568
1181640795088199681
1181634219849736192
1182296090420371458
1182229317524361216
1182120594466320384
1182100875638136833
1192112034378334208
1192060676619087873
1191953798740267013
1191888093831413765
1191809278891503616
1195380911405223937
1195373978208079872
1195368289293209600
1195278256028696576
1195267670029033473
1195223212730257413
1195052667954970625
1191744018616651776
1191678938214473731
1191647984397754368
1191586381916712960
1191532992373624835
1182973412320432129
1182940865775525889
1191721763777986562
1191655696208683008
1191601853550792710
1182303873857404929
1182175315784867841
1182155314474430464
1182034504006983681
1182023179017035777
1182015995352891392
1177481197162680320
1177440873635811328
1177435265914134533
1177412535533936646
1177355924895412224
1177314735387267072
1177276790890541059
1177270448616300549
1183043021077733376
1182895351814070272
1182782754070630400
1182720074261630976
1183046886976118784
1183030945361944576
1183023980720078848
1182899387967660032
1182794136929341442
1192094008564166658
1191937244053037057
1191784482338230272
1185931257147985922
1185679390266540032
1193141633220587522
1193036360371908608
1192896657849036800
1192851374482046976
1190289396161024000
1190150092029923328
1190119925383385088
1190105050439442433
1190015275866963979
1189978019269619712
1194629277649518593
1194550904810291200
1194317224619761664
1181528842592276481
1181508390830460928
1181470393644863493
1181403129583226880
1181344775901007873
1181565890791428097
1181443140219265024
1181415758850662401
1181388176243531776
1181374864063635456
1181332099959271425
1181272326786224128
1175068870660562945
1175051299437592576
1174915443636572160
1174912684828942336
1181873949120049152
1181861658131603459
1181777795631996929
1181677083854024709
1177584122438533127
1177449918102794241
1177404209995624448
1177398616178212864
1177386996811124736
1177367230549565446
1181600770782834691
1181536713065336833
1181520663426797568
1181462757683671041
1181427437823053824
1181395603839950848
1181383891690672128
1181336183168815111
1181303057650524161
1181584556782227456
1181500654776438784
1181454786929004544
1187368659553005569
1187331213431918593
1187317017893847042
1187160639271251971
1187122910873423879
1187116666884415488
1187093160058589185
1181220625089732609
1180989991201247232
1180908529139486721
1177587671889264642
1184420618067951616
1184338271784058881
1184220305297948673
1184195968297775105
1195275595028062210
1195107908037611520
1195063865324834819
1195055227390566401
1194566292323393536
1194501017133555712
1194320077212045314
1177460301324677121
1182236429126119424
1182183413467488257
1182049941893586945
1175284573988630528
1175272952293515264
1175244811034595328
1175239294916747264
1175199257747480577
1175181911293157376
1175160807841239040
1175127822651809797
1175094344023519235
1183016277822062594
1182997176005398528
1182872829819281408
1182857282796822528
1182758601867321346
1175425862113665029
1175228898365362176
1175225787550707713
1175158022752149504
1175149355747217409
1175102496236347392
1175196139299229699
1191719072246980609
1191702064029667329
1191617275935232001
1191609717078069248
1191527908088700928
1184216694593593344
1184416789599571968
1184356173878910976
1184313211404849152
1184273244196487168
1184218520634179584
1184184042461237248
1184162208323919873
1175293326783930368
1175275882853949441
1175132544108548096
1175100484010598400
1181573540501508097
1181563266507706368
1181540943805259777
1181466595060834304
1181340326549757952
1181298663110389760
1181290571073228807
1181276674811449345
1181271005014233088
1194659069170192386
1194641127317671936
1194634420067504132
1194632320310841344
1194432421372018690
1194416586217705472
1194346202218684416
1194321647601356802
1194306615333326848
1182326157447966722
1182322287225311240
1182292281249976322
1182275677539782662
1182264562281783299
1182171512004063232
1182167481147899904
1182163154467463168
1182065624522076165
1181996431265144838
1181985051552210946
1194656209879683072
1194460400550588417
1194441823458144257
1194343307230486528
1194311920460926978
1194298400885395457
1194630741352517633
1194620780144996352
1194353195897753605
1194303840834801664
1194301069481959430
1181853722428809216
1181833664621109248
1181817536901459968
1181617544442105856
1184496882518757377
1184352121195520000
1184333341442609152
1181224419026505728
1181201800340357122
1180994344163139584
1180945489686155265
1192002962467573761
1191950963323686912
1191948112031625217
1191910867610357760
1191881841202155520
1191876231681236992
1191803198564159489
1181419583091220483
1181324001450299393
1181266820378120193
1181545039396311040
1181516592238272513
1175419391779004416
1175254811345920001
1175251699713421315
1175135306590367744
1175105053654507526
1175088234361237504
1175379628678176768
1175290513202798592
1175287515768643585
1175278813556744192
1195371063103938561
1195245097849413636
1195226170368970754
1195086504051253249
1195083585725829120
1195035065740333057
1191714243760001026
1191503131038945281
1191465684494176257
1181917893447049216
1181905570120507392
1181894680902033409
1181849586681483264
1181723355793252353
1181690008958328832
1181629891667738630
1195378207484268544
1195302228002824192
1195265083665997829
1195041740111134720
1177491862740824064
1177390445351059456
1177323610945593347
1181604893112651781
1181439301365719041
1181435331515682816
1181407734132084737
1181379441387331584
1196255594002440193
1177407227491209221
1177275450676129792
1195227628510359552
1195092532516073483
1195066671385456641
1195058633060605952
1177617344551686144
1177608855053901826
1177446977958625282
1184360296711888896
1184319563284078592
1184308025974231041
1184295693789388802
1181576759575240713
1181478622001020929
1181423491758858240
1181319690506899456
1177603606016659457
1177598322271502336
1177455172076765184
1177423302274560000
1177329294344884233
1177293101259530240
1181216552215093250
1181000332446490625
1180981672256385025
1180937202680893446
1180901521254473728
1196347496311775234
1196165998296088576
1177613930744750081
1177593065105756161
1177432431491768320
1177326122196971520
1177279405946736640
1183034858857209856
1182993341635612672
1182981530412564480
1182948617621037056
1182883824948133888
1182819834133921792
1182778822002917376
1182711639562317824
1184156796711292928
1182318079684087808
1182258431132127232
1182247380265160704
1182076577397522432
1194653281836032000
1192079311983071232
1192049588972204032
1192041163408232448
1192017742322384896
1191964923993219072
1191891272228835328
1191866906174787584
1191860650911391746
1191841698172813312
1191829115462180864
1175296072757010432
1175269173410304000
1175237026121170944
1175235720027488257
1175202361117237249
1175187972066631680
1181236261362774021
1181204735308783616
1180995933288443904
1180924969812926471
1194631016440184834
1194531930013937664
1194485619461935104
1194379332258537472
1194363583238492160
1194348964520353792
1194333114429870080
1194327173458477056
1177502323997696001
1177486367674077184
1177298607210401792
1177272794129850369
1180932889015402496
1195305899935576064
1195252022666301440
1195080827627016194
1182853405548646400
1182731081415573504
1182699645115490305
1195049971877367809
1182299898689011713
1182286677211045888
1182250229875302400
1182108908904763392
1175248614584672256
1175231818896957442
1175205301697560578
1175175719871229952
1175155113243136001
1175139558616440833
1175109048095711236
1177438226182619137
1177361320108351488
1177350629733359618
1177334445029961728
1177267586792398849
1194351750158966784
1194340532727799808
1175420733213855744
1175281707265810432
1175260796680642562
1175146283373387776
1175111708727267330
1194635955975536642
1194581510499831809
1194401475247652866
1194370464585584653
1194337777468551169
1194328365366423552
1175376729285812224
1175263584131145728
1175208094500102145
1175144061906411527
1175141506736427008
1175130519551586304
1177622569337401345
1177580964580593664
1177569849003958272
1177470894517538816
1184463611223130112
1184409185271926784
1184348304563429376
1184323848323420160
1184297672473231365
1184179570095853570
1196467653008859136
1196452450191982593
1196442119872929792
1196271142111199237
1195348544061943810
1195311131901988864
1195308570230894595
1195254600942665728
1191749197915140096
1191640275615174657
1181247693433257984
1180969821195948037
1180928835384217600
1181251569083437056
1175449004722794497
1175370895529058304
1175216729863143426
1175190448127840256
1191754682630324226
1191751907150376960
1191738871916253185
1191735901212364800
1192046736266735620
1192000434619256834
1191942625210830848
1191934116146696193
1191844984242286593
1191838393904316416
1184509773947064327
1184507671707312128
1184484268812226561
1184460888092401664
1184251382955761664
1184237220040982530
1184197344276992000
1182338134064930816
1182152182696726530
1182144329839718400
1182131828674707460
1182061899254566912
1181984994144800776
1181977057477177345
1194647958068826115
1194645391859470336
1194642684436254721
1194612938813968385
1194469191945986049
1194388320379375616
1181496809795051520
1181371042327126016
1181294683663867906
1181262880936738819
1182271687158648832
1182240310526713856
1182136198015389696
1182112924980129792
1182068591967051777
1181992329189703681
1181989018017374209
1191732905724272643
1191671249556127744
1191663613477568518
1191632635040346112
1191554957297823746
1196462954125901827
1196443467033063424
1196436114887888896
1196194066968526849
1181004687216132099
1180961789992951808
1180921051502514177
1180917015420256256
1177512846420107266
1177428503614099462
1177418055061823489
1177383333698736128
1177344976394575875
1177339448817836034
1177303882994765824
1177287996732858368
1177282519487647745
1184501960277446656
1184299693867786240
1184266501924147202
1184247612372901891
1184235291055480833
1184229643701968896
1184149464006705152
1175443775990173696
1175270591181594624
1175222661636677632
1175210830478159876
1175169584585990144
1175122237319503873
1175119506802466816
1175116928727359488
1175431280219086848
1175257828451332096
1175247109030928389
1175219618404847616
1175193097594114048
1175166562640322560
1175152140475613184
1175125078138413056
1175091281149739008
1182869043331641344
1182825665441210370
1182797569065472002
1182790718416478216
1182771918862258176
1182768629944852481
1182736756564738049
1194162298996346880
1194048836639117312
1194013969696133121
1194004516779307013
1193955359318269953
1181243347622662144
1181208647919181825
1180985551849218048
1180965752360361984
1180885654403796993
1181232316502425601
1181118904376143873
1180941259407540224
1180897721139564545
1181212698278801408
1180973924479307777
1180893440034377728
1180889625986043904
1180957760969740289
1180949575332270080
1181524819663360000
1181504489213382656
1181392499140648960
1181228257405890566
1180912749397848066
1177596624438267904
1177507676051230721
1177476154145435648
1177465569328525313
1184478540324102145
1184412983205728258
1184395550357151746
1184375811211759616
1184364388783939584
1184335387667378176
1184310517608964096
1184292723647496192
1184280909169614849
1184171246944165888
1192055113982074886
1191905343099592704
1191900102132154368
1191897059160399874
1191894138880442369
1191822840326164483
1191817878414221314
1192109486586155009
1192095436829593606
1191884847700234242
1191797872838266880
1191791130544934913
1181569972318986242
1181532756502810626
1181486849744916482
1181412178475327488
1181399660075851782
1181366347697131520
1181353383522918403
1191757333015285760
1191741442319880192
1191724482437812226
1191541807286497281
1191486501512720385
1191418472019976198
1194627840123138048
1194331504475852803
1194324304613261314
1196362740480262144
1196332338076176384
1196209617732325383
1196150813724463107
1182989542229512192
1182733957659611140
1184317489934680064
1184279938242883584
1184257680589934594
1184233384249384965
1177497051866656775
1177443786093281280
1177393278439874565
1177262298508996608
1184501038457544706
1184476924053196802
1184472805557129221
1184383665561882624
1184304330503086080
1184255145124737024
1184242784460558344
1184224040434712576
1184167146009645057
1184152263780196353
1182880033976782848
1182864793272836096
1182728498139553793
1191549200640679936
1191537439623581697
1191491603371872262
1176449539772944384
1176338882805284870
1176332544956145664
1176316072796069890
1176228404946964480
1191624881886154754
1191523681492754432
1181195892482875392
1181135755118288897
1180904515681341440
1196438695924117505
1196125886820573185
1191916551382937600
1191800479866593280
1191796457734582273
1191781657805774854
1191773964483407872
1192117564702363648
1192114714966405120
1192098060102447106
1192066388837502977
1191927851634843648
1191917966146838530
1191873032559697920
1191855358672822280
1191854397128622080
1191851307604365312
1191815030485991427
1191793699216379905
1191769742358581260
1191768147939995649
1185737526641868801
1183038960412610560
1182977709498159111
1182891486104489990
1182842530326560768
1182833862520516610
1182786694761852928
1182755309456183296
1184480246394957827
1184468752257167361
1184391571904573440
1184387604998971392
1184311827498459136
1196444864944189441
1196440754253697026
1196371889603698688
1196317198521909248
1196240360437112832
1196134561387819009
1184404884394827776
1184379709016231936
1184368173694537730
1184321453568806913
1184305520334819328
1184288455028826112
1184192175166361600
1184161238546296833
1175054957629923328
1175042243209695232
1175031994708910080
1174929737791066113
1174862011479539712
1194222557190348800
1194017155597119489
1194007716039184385
1193959115585998849
1193955298035339267
1191988524511309824
1191969653146427392
1191956658173423621
1191931060461985793
1191796070088675328
1191787458104565760
1191777272577036294
1194295278607773696
1194281394471657473
1194086273960566785
1193970187017621504
1193946982416560128
1187366065501884416
1187225944991379456
1187215040530866176
1187172233036345344
1187149890306093056
1187146860584157185
1187102415717371907
1182675979828912131
1182551486070439936
1182546034096005121
1182423761930330112
1182876684770566144
1182815467754401792
1182811270585683968
1182808187508088833
1182800876383150080
1182765191022436352
1182724327789289472
1182703530920026115
1182985309690183681
1182829911201009664
1182776051124101122
1182747712862720002
1196465743631704064
1196454096993169410
1196447576872177664
1191995121887252482
1191924585048035328
1191921277340127234
1191908037373640708
1191869994356875265
1191835081138200576
1191832053752442885
1196437378988224518
1196142298444238848
1184505941418500097
1184371986883063808
1184341614912782336
1184306758531145729
1184227481114599425
1184201663160172548
1184188072075911171
1175082436352512005
1174855639560073217
1194267756113346560
1194199233613709312
1194026530734780417
1193975792897843200
1193970397114331136
1196440022121156609
1196433094754152451
1194289881037586437
1194287306993274884
1194260155984162817
1194061344187793409
1194055131794419718
1194000577556025344
1193994412780609538
1196470466896187394
1196460173835063296
1196455431859777541
1196450446199664640
1196402418998743041
1196387020328906754
1196185873861238786
1194292710917758981
1194284257306435589
1194023444372951042
1193981601279041538
1193967547537858560
1194235973221138432
1194064175926054914
1194046165177831425
1194044799147499521
1194039102259245061
1194020312494608384
1194278660909518848
1194070425883611136
1193964851904892933
1194263083847421952
1194179056461385728
1194045894586458112
1193990525562609665
1193987502484406272
1193932154809593858
1194265080302583809
1194217603092357120
1194173457011027968
1194167905543475200
1194058350188732416
1194029633680953345
1193996750115225601
1196301858408714242
1196224870671093760
1196103471080054784
1184750059189161984
1184674892425367552
1184646406193201152
1184630486167146503
1184851833182965761
1184682737518682112
1184592971284537344
1184540566362710017
1184526957951832066
1194275899664949250
1194270528913256450
1194165128259948546
1194073530629009414
1194041964955611136
1193973031221235715
1193949820479836160
1196469363521544194
1196417554950107137
1196286674826870790
1196177636722118656
1194170645627768832
1194159404553318400
1194080744081108995
1194032796739743744
1194010860680810497
1194002923019218946
1193952554075525121
1193943961557241856
1184578142901551106
1184552523958554625
1194035936721592322
1193992789748592646
1193978624350859264
1194276161959976964
1194273143239655424
1194258653278298112
1194176273142161410
1194076157362266118
1193962155105800194
1193940907747414016
1193934919682146304
1194244372646318080
1194214710599725057
1194202046838321154
1194181843236655105
1194089444636286977
1194067252607377408
1194051989480574976
1193999092717957120
1193984699284230144
1193937891564670976
1184825970886397953
1184801317841076227
1184589128668798977
1184777532924743680
1184690804377432065
1184585694154579971
1184848181298905090
1184846634007572480
1184726053396373504
1184705008614498305
1184639394445221894
1184624627194191872
1184615192233238528
1184598100834508801
1184583954642411520
1184569807749992448
1184833490602385414
1184721890604208128
1184698398215229440
1184679002755272704
1184665495594831872
1184579829938688001
1184538499149631489
1184853873858613250
1184760123782291458
1184628528412876805
1184596202123223040
1184874333870661633
1184795545421918208
1184652629982531585
1184530880964022272
1184861900393324546
1184742544225251329
1184729998663569408
1184719827946082304
1184870163822403585
1184849956697464832
1184835151341215745
1184634824084119552
1184610604625125379
1184606378071068672
1184522632328298498
1184514140615913472
1184784032690790401
1184694590999277568
1184602322598539264
1184620136923357185
1184544454683910145
1184865953164812295
1184831774309920768
1184775846223142913
1184518611601448961
1184838686053208065
1184829280972357634
1184686746610667520
1184670108767141888
1184660963926130688
1184656840887549952
1184650934221193218
1184596429337174018
