1178321543937564673
1178210341752311809
1178195236956381184
1178156196970336256
1178006501971156992
1177987608493862917
1177983872375627779
1185576348829585408
1185539324290441217
1185344859638554624
1185329767182143488
1185254279814234113
1196095670136066049
1196057597469696000
1196042842398973952
1195923245603667973
1195891831436914688
1195743342304342016
1188849842413539330
1188787508303273990
1188772437867073537
1188762345012711425
1188681851851988992
1188576117415927808
1188569725409943552
1188534604938039298
1188521005305794560
1188500627594338306
1191289000251801600
1191228609144541184
1191223554882359296
1191218532060676097
1191158174574956544
1191119098408849409
1191072573800558592
1191062516547424257
1192768742901596160
1192753648947933184
1192723449141174273
1192592586516680704
1192557362135130114
1192542268395335694
1192502019862474758
1176188559142862850
1176130379302002690
1176119097958051840
1176107964052230144
1176032234601664513
1175989427199455232
1175969753283739648
1175960503031664640
1175958658900996096
1192814039463841794
1192763721237577728
1192733521745448961
1192647941053386754
1192617744191107072
1192587549610586112
1192582527556489216
1192559878411345923
1192519603613847553
1188125652035223552
1188072791062597633
1188067765648809984
1188052679878152194
1187979692319694848
1187957033955418112
1187795982731436033
1187787183467438083
1178044216968122369
1178021618607644674
1193876053107859457
1193800567908392960
1193790486844194816
1193766561384927232
1193672217651040258
1193635023292948481
1193619384083910656
1189884746484080640
1189879714468573185
1189836932743860227
1189788700114333696
1189703564609896449
1189614226563915788
1189589474990264322
1185415838616244224
1185400185800810496
1185339810627629056
1189859580374900736
1189844490498007040
1189796115199205376
1189688464717078528
1189678660632096768
1189663283646803969
1189582769220927488
1195952532750815232
1195788654339330053
1183344144481214464
1183140320214695936
1183062285797023747
1179758064939016193
1179754237594607617
1179711453072367616
1179599515961237507
1179584377489121280
1179557969555591169
1176851390775406592
1176815649114546178
1176806317190733824
1176647538465824768
1176549420994895872
1177938537322352640
1177880604681146370
1177844315768414210
1177839216618872833
1177670532264841219
1187001453761699840
1186913976791293952
1186892542920577024
1186749779574964224
1186718913708593152
1186707575108186112
1191007143484411905
1190954805595975686
1190916694287507456
1190909012067438592
1190850400976605184
1190821278476914689
1190813526245462016
1193910865717874695
1193886123749183489
1193835784626982914
1193810612167626752
1193663330126315520
1193654580372004864
1193579068488175616
1189920049219457028
1189889790197534721
1189850266293735424
1189839456058138625
1189819315274551296
1189635467974729729
1196898782673289216
1196880846113968129
1196865775509942304
1193740196258418689
1193599226808328195
1179376758321270786
1179267282691858432
1179084574376243208
1179074752390029312
1179425843795386368
1179354106579820544
1179327685199314944
1179199347898105857
1179131443378872322
1179108753402146816
1179388085685161986
1179380515683655685
1179195564736630785
1179135164494073857
1179360521025400832
1196070504706314247
1196012646413275137
1195990791543373825
1195874975766462465
1195844019215052800
1185527147865300993
1185466005444796416
1185299550132670470
1178132693776769024
1178127290477240322
1177998930279374851
1191299065994199040
1191283964855685121
1191263858872274944
1191199651640180736
1191169457596616704
1191057553054191616
1177957403163279365
1177834046082228227
1177818231400255488
1179357898532691969
1179320195363594240
1179165363570913282
1179154092205182976
1179003050805121024
1178991724208758785
1178961527870824448
1178836975903748096
1178738404516880384
1192718424281096192
1192597613889118208
1192554102380802065
1192512060636176392
1192503973741285376
1191406000634564608
1191102759124250632
1191087681960370176
1191052438129774593
1179778316703862785
1179742959903924224
1179737796346597389
1179680145944260608
1179486261603704832
1179440953893019648
1183145332743516161
1183087453655195648
1179259795515363329
1179086088293498889
1189927077551706112
1189824342617731072
1189816798784425985
1189638121186562049
1186669826351255552
1186628307028189185
1186557833401245696
1186472263228559360
1186442063061159936
1186364045504462848
1186345193047498752
1186341424922611713
1192270463612981249
1192124539796381697
1179395644378750981
1179184244310134784
1179176726552858625
1179124188675751936
1179122419489005572
1179097435731320834
1196835597387804672
1196833030385614848
1196888443579703296
1185319660398567424
1185272228381892608
1185269333871792130
1185246712941744128
1179731082096365568
1179686303899762688
1179607057802117120
1179542847894282240
1179539086585077761
1179482463879548928
1179452247744356357
1196903664985812993
1196862423174696961
1179739155649241088
1179735416322297856
1176882160642514944
1176840060743954432
1176790966134595584
1176779638498091008
1176775884906348544
1176738174061699072
1176707924607012866
1176611920914370562
1176573194112835584
1176554342947667976
1178097079044001792
1178051762558787591
1178048001912258560
1179637238243704832
1179516497745588225
1179507675157204998
1179457662414675968
1179437168827211783
1191396242355638273
1191349398858584064
1191281443726643200
1191278966461673472
1191127964559323136
1191032305273491457
1196916084273758208
1196873341556146177
1196851402695462913
1186633328407072769
1186603119888781316
1186588018347515911
1186530170343178240
1186496466312929280
1186351470708432898
1192809013311877120
1192569250646495232
1192537241433911298
1183747201496993792
1183653737996394496
1183521563754291203
1183514006897733633
1179776888425848832
1179561739253420032
1179448508224622593
1192828646295310337
1192736046737477632
1192517728625659904
1185349868098936834
1185264300790816768
1193845887753228288
1193840796761497600
1193762797705998336
1193699876950937601
1192819169328353283
1192811702850654210
1192803981371805697
1192788887980199936
1192783845835325442
1192728513360601088
1192713408161996801
1192703309360095233
1192652989640642561
1192627817835569154
1192569942044028928
1192552313430454279
1192528438273495046
1192486917260099584
1191380086953562114
1191369581899796480
1191344365710532609
1193815649799360512
1193785464957915136
1193775374003580928
1193717512262836225
1193684782313541632
1193659631639433216
1193589163683127296
1186643482615652352
1186476621039132673
1186360279552147461
1188089287813849093
1188017567711072263
1187936925207932929
1187921799977275392
1187891625336496128
1187834840789504000
1187788434850615296
1187775858305617921
1178331138420555777
1178317783102300161
1178310979358248960
1178032908071837696
1178002700195287043
1193921378631770113
1193829580638957569
1193795510848704512
1193689809958645762
1193639496174252035
1188120637044416513
1188094206444785665
1187911777478234112
1187856384932679682
1177980051826122753
1177934741481410560
1177907279343079424
1177859913692979200
1177771191580418048
1177727154496430080
1177694433577459712
1177691663944359936
1177678054254092288
1177674371521024000
1177644155390058498
1177972523125919744
1177865063518130176
1177724600488251392
1177655417436098560
1177647869626597378
1185370006315589632
1185249640570150912
1186406835932319744
1176874103141220352
1176823512100745216
1176794490595618817
1176768325713571841
1176662652518633473
1191336447632166912
1191248736040689664
1191243688602689537
1191154363525468165
1191108162411204615
1191097746859667461
1191092701137133571
1191077611813974016
1193484133705617413
1193423068460453888
1193347573383385088
1193340036311330821
1183381963916414979
1183268888789880833
1188782476803608576
1188779972472852480
1188776196496134144
1188757324204257282
1188747253055459329
1188712035300921345
1188704478914076673
1188696949807030272
1188557174009671685
1176832493766529024
1176828753047166977
1176772090105618432
1176677722422222848
1176636205993201664
1176869999610404864
1176859588303437827
1176847600080891904
1176756995854131200
1176753225011253248
1176745664929308673
1176715454649393153
1176696595708076033
1176689053531615232
1176643737444859906
1176640924472025091
1176625585663205376
1176598706457600000
1176563748238237700
1176560717530640384
1189805478790008832
1189768984993894400
1189733746427285506
1189610442437603329
1185555493445668864
1185385099484975104
1185289467411750913
1185284465138061313
1192798941638774784
1192758718187888640
1192708361629978624
1192678147893923840
1192607717279617026
1192698275838799872
1192602660979036163
1192521825827336192
1187881562517454849
1187809837046009856
1187803551986343947
1196020187448979456
1195813819299385349
1195760963758284800
1180452607904636932
1180256298102902785
1180168462116761600
1188827791732723713
1188719555738324992
1188659196453109762
1188552222294056961
1188496853542887427
1179749965482123267
1179697639778131970
1179693846323748864
1179677109087854592
1179614602985951232
1179504643891777536
1179463943070322688
1179461079711277057
1186637293874024454
1186542717905625089
1186527617865977856
1186487367928078336
1186432019833729024
1178342447203721216
1178316058677186560
1178285812833759234
1178187667584032769
1178165035161591809
1178066866851471361
1187043787480227842
1186995722845130754
1186941359514624000
1186929882942586880
1186917788704759808
1186854819820199938
1186774262306267136
1186713871949664257
1178327337890398208
1178063103197667329
1178010273950638083
1179775093238571009
1179746695233642498
1179701400349155329
1179690087715688449
1179622170374426624
1179603254763765760
1179588159849598977
1188104277761429505
1187926860627431425
1187866479951339522
1187861417241825280
1187847574151192576
1187828695962136581
1187784169432276992
1187778943769829376
1187771985662763008
1188115585365925889
1188097970199257088
1188062763593146375
1187876529696575490
1187868715938918403
1193906300503113734
1193901228251590656
1193896184332595202
1193727700558594048
1193694843760975872
1193624389650124803
1186646062490095616
1186623260152217601
1186619758428463111
1186613205503741952
1186598095569731584
1186555299672530945
1186547750793560065
1186493020360888320
1186447103637278720
1186390492176637953
1186353981276200961
1180093988566638593
1180007160178233346
1179992071496708098
1179988293632561152
1179905230168821760
1179882607896600578
1179856180690214913
1179835167457906692
1179818432377823232
1179808843989229568
1188802688148033536
1188636546599215104
1188621410001936385
1188582405235445761
1188505650101473280
1189529559265361920
1189492157910003712
1189416674639974401
1189411626732138496
1190644738216615936
1190501316159823873
1190448487915237376
1183376868822659073
1183321520040529920
1183299158683373569
1183209188526346240
1183175532818698242
1183091237701718017
1183415880463650822
1183407060471500801
1183326533458583562
1183180563370389510
1178081966815678466
1187972156614987776
1187941937095069697
1187851355974713344
1187840043370594305
1187813598577516544
1191398465395470337
1191394699279585281
1191189225997295616
1191184915318083589
1191041742054854657
1193181491674697728
1192894588446482434
1192884927232118785
1192851808923930624
1190257204558999552
1190073489270726657
1189997986400616449
1179788236555722754
1179780452913221634
1179743170940284928
1179708952583512066
1179705173888917505
1179474908155449345
1191319186783506432
1191297866041643010
1191165686204321793
1191082645058392065
1196090636232986624
1195997516883472384
1195967520777351168
1195750895797096448
1185948823044218880
1185719860757700608
1185631758433292291
1188815192223899649
1188793949005254656
1188742228065304576
1188730905730437120
1188715776397774850
1188581154993201155
1188549709478223872
1176855148351643648
1176793437846298624
1176683584406597632
1176603896594280449
1176545609567887361
1177964963907997697
1177875456521056256
1177828866766839808
1177734734320930816
1177717064322211841
1177709517984931840
1179531564427952130
1179497557556432896
1179478712686960641
1178236727665811456
1178142412985769984
1178014038275579904
1183201211987697664
1183135269341536257
1183122679043416064
1183115145200971778
1189935065444311040
1189925690877128704
1189923439555096576
1189849517203611649
1189787867364634624
1189779055865937928
1189748851860787202
1189723717112418305
1189668325644787717
1192839216763244545
1192786605234434048
1192577551824236544
1192572451919736833
1192517136901660673
1192791404763856903
1192778815283585026
1192683207977779202
1192663051864084480
1192653493565362176
1192642920815505408
1192562448689246209
1192547317435576327
1192523381637337090
1185556228333809666
1185495848337195008
1185307074206584834
1185294510726754305
1185269324757553153
1185235928379543559
1188610089185431552
1188566070795345921
1179385831640981513
1179365454671962112
1179335269062983681
1179316363296419840
1179240874280177664
1179146913389727749
1179143140596490240
1179089881529802753
1192793927566471168
1192781349784035328
1192720955182899200
1192693242707562496
1192532181568180228
1192496957861847040
1188767387052662784
1188764856935223296
1188757761296871424
1188752268268576768
1193881086474014720
1193805576259678208
1193770390306332672
1193614300797124608
1177949870088495105
1177918078249771008
1177901843088838656
1177719672273276930
1177712060437798912
1177706990803533824
1177704480567123968
1177681946522112001
1177662982299508736
1195698051257643011
1195672904169603074
1195537041259450369
1195442604999139328
1195435618806972417
1195416235028160518
1192738556067950596
1192668118549778432
1192658011745067015
1192549815340675077
1192524664561647616
1192507019162521601
1192481851727847424
1196099459962351617
1196088157072220160
1196080583283298304
1196056655953383430
1195753441211101185
1196926177442705408
1196911092997459969
1196906013905035265
1196890209151008774
1179429622829715457
1179384326611443712
1179244693185540097
1179237101755359233
1179123853135613953
1179106987029811201
1179078556523077634
1178217881173188608
1178074451063300101
1178036682882502658
1186907648513466375
1186839684992901120
1186970560724684802
1186952932907982848
1186804444165484545
1186789358075953152
1186713861283569664
1186708807394705408
1186706654055809026
1179765584000671744
1179761790810501122
1179727832714534913
1179724063012524032
1179720291158777856
1179591949742944257
1179493812030394369
1179490010535534592
1194983339641442304
1194941203751620609
1194792087310475264
1194766911915089926
1194714089961992197
1179784449036341248
1179769091424428034
1179573047956840449
1179527753827323905
1185188810348470273
1185118358330585089
1184990785307058182
1184978659712667648
1184952292258275329
1184876275959259137
1195811298187120644
1195793675747500032
1186582978178306054
1186337249635590144
1196931181226471424
1196895975983460352
1196858235925479425
1196846882682736640
1179418277048651782
1179403191038951432
1179296267161264129
1179214521573007360
1179161605281603584
1179157059432042497
1179082319770071040
1188077880187719680
1188032599442235392
1188002054557650946
1187986616507420672
1183412098774241280
1183185612951736322
1183110110241050626
1196867432259952643
1196854862010626050
1196850700434710533
1187292675453652994
1187137392358187009
1187058645059682311
1176813640277774338
1176809845590245377
1176692865117949952
1176670187397046272
1196885885280772101
1196859977031409666
1196843123340644352
1176843893238849538
1176749437261144064
1176734344859328515
1176719250997895169
1178323633778909185
1178290855259623424
1178248112902684674
1178029125774303238
1177991387914149888
1179554873282576384
1179546662118809602
1179520205229297664
1188840382190292994
1188727154047180801
1188723352174809088
1188599617618882560
1188591261806186498
1188561056421105666
1183378120788844544
1183371825977446400
1183291335966625792
1176798553957707778
1176764543239897089
1176723016081911809
1176672686220726275
1176606207068516352
1176572033595052037
1175794409994149894
1175727674062454786
1175722224701120512
1175702205346791424
1175594329412395008
1175530209229062145
1185526060554903553
1185498337509871617
1185467076632350721
1185309602038112256
1185234112090726400
1178346244353220614
1196093146255515649
1195901131597209605
1195826381835423744
1195773556661116933
1191384056249901056
1191309156562751488
1191273883564945415
1191253765132836865
1184051301828743168
1183990908590723072
1183872646099951616
1186306170551701510
1186220627247669248
1186147360474308609
1186035627948756992
1186024359502192640
1196889969534676992
1196856769886244866
1192748611286814720
1192534710733484033
1192491926815150090
1187029685022154754
1186965556789993472
1186824577667731457
1186745331280683013
1186733986409791488
1186693722299420674
1189259381751369728
1189251834239750145
1179433390891651072
1179383132228898818
1179346569625247752
1179331454880362496
1179297499003138048
1179209746626293761
1179169189820616707
1179116298040745984
1179101238291509248
1187843819322171392
1187836280064884737
1189580832253587464
1189548026098003970
1189532438655131649
1189527442215657472
1189482124660924416
1183307183850696704
1183261117709242368
1183125191716753410
1183069849297268736
1183064809031589889
1189522349277827078
1189504767866888192
1189441827524485122
1189345950193639424
1189302160275791880
1189271236985151488
1185581394182971392
1185571395088125952
1185548692318834693
1185489986839289859
1185485762554466304
1185476951793905664
1185427887370969088
1185239151760871425
1176830972886732802
1176685276233703425
1176594686175260678
1196893417965596672
1178180674156662790
1187826169015607297
1187821146571464709
1180648923855233024
1180626285674020875
1180524313679675392
1196828614819549184
1196813411381850112
1196805414412783617
1196513417516982272
1191409794747420672
1191266339253620736
1191251252941860864
1188832893876998146
1188817784312074244
1188769900774510592
1188542139443175424
1188525785574981634
1188100483128401922
1187906701611151360
1187896648439095296
1187832482160402439
1187824756722155522
1196103248958164993
1196060453660692482
1195974883768975360
1195915130082660352
1195839007961288704
1189545362954084353
1189383974990352389
1189289574901653504
1186849755407814656
1186759182487314438
1183238455972827136
1183100036294545408
1191335567851687936
1191143042608173056
1191107807526961152
1177976343960723457
1177946097085505537
1177891076050427904
1177849782569705472
1177823477337903104
1177802126766100481
1177659140585529345
1177651645498511362
1177636603394699264
1183397079030337538
1183379189619146753
1183170570734702592
1183105077642514437
1183082427457114113
1196085609846190088
1196083087895138304
1196050775761403905
1196030740053610498
1195907568222244865
1195778624923865095
1177772447828979712
1177761104740659207
1177685624368828416
1177666752966250496
1193704906110177281
1193574073529446400
1187039502667309056
1187015858905858048
1186779306183331841
1189904966502305792
1189829378496180225
1189814307510456320
1189786374934798336
1189671343060652033
1189650702580289536
1189602918082764800
1189591568384253954
1189217874436603910
1189139828299972608
1189099574591401984
1188958638016225282
1188944052357681152
1187032209447882752
1186999946295369730
1186985656288980993
1186980611313094657
1186810744135999488
1186688674622300160
1191329262672007168
1191238667832086529
1191203486383460352
1191180798629744640
1182687350520008705
1182672311259930624
1182636996315009027
1182631952832237569
1182614840919150592
1182581641111375872
1182533201157349376
1182491022313566208
1182445749067485185
1182440699142250496
1182386592260022273
1187025784592064513
1186989823745232896
1186945374549925888
1186769223370100742
1186720179537010689
1186715708069167104
1189763948180054017
1189698669223776261
1189693567708663808
1189661019544702977
1189653225496031232
1189585267239374849
1196078058492628993
1195899667160190976
1195879357627162625
1195798715396771840
1195786154001543168
1195783918911475712
1177953670379560963
1177780348211597312
1177768653141487617
1177749789951320064
1183390709879058438
1183246372327305216
1183193173771915264
1183095016744464390
1183059780472057857
1187042748660101122
1186950410986233856
1186877464036990977
1188797334118948864
1188655404189995009
1188587458960728066
1185324704518885377
1185314641867689984
1185303311244824578
1177923361827106816
1177722906920521731
1177640324698648576
1177640323004223488
1187725526322077696
1187695320232349696
1187625918120022016
1187433593003532288
1187426050118168577
1188083247789596674
1188023998061387777
1188009893036527616
1188837863582031874
1188812688463486976
1188792541484896256
1188685586653204480
1188616387511701504
1188543403136561152
1185519356261863426
1185278131629969410
1185258026707640324
1185250479548317697
1188807651691507713
1188777799982686208
1188700701309976577
1188678033504440320
1188674266490908672
1188573603002011648
1188538368537305091
1188513216378429440
1177912672534310912
1177791306774564865
1177629045795807232
1187818628474986497
1196075555596251136
1195931106635374592
1195859106520862721
1195771021665734661
1177968772730310656
1177807484137947136
1177796634786312192
1177785676965859328
1177764886891421697
1177754041297838080
1177746010275274757
1187035989233098752
1186975595852382208
1186960493963075585
1186932791096807425
1186794655767322625
1186703808820318208
1186698749533396993
1186683675188039682
1196073048190926850
1195885547937521664
1195884292838170624
1195869216202731522
1195831446335893505
1195797692133363714
1189751971340783617
1189708629873696770
1189617985041977351
1177961219422146560
1177757360376467458
1177625715094761474
1178670874142150657
1178606692747108353
1178602905303171072
1178455685610250240
1178357541513891841
1185561254460608512
1185536260477243395
1185488282009980929
1185483748441284609
1185458312608976896
1185450555080089600
1185265648055848960
1185256751291129856
1177928728694923266
1177896409636524032
1177742245405102086
1177731074539032576
1177632772560699393
1188626455346995201
1188851697470316546
1188844142601916416
1188822736753352709
1188672771552874496
1188666720854204417
1188647580433113090
1176760784455688192
1176726795221164032
1176711693881237505
1176658868866289664
1176651314991915008
1176632438732333056
1176617828646039552
1176602259116953602
1176583350250856453
1176568260487237632
1176557950573469696
1176538044964450310
1191366421974077442
1191354438453276675
1191296552331030528
1191258792434053120
1191210997543055361
1191197635287429125
1191150599364055040
1191047406332338177
1191035997720633346
1193891179965927429
1193865967622918144
1193861255762763776
1193820682104311809
1183402028363636736
1183364864762404869
1183352118675202049
1183158012170719232
1186654507486318592
1186627021763465216
1186562851407908865
1186498864435650560
1186426959074594816
1186379154436034561
1186325281994354689
1188113076010340354
1188111835888791552
1188057713768566785
1187000763408625664
1186819537582383104
1196005229017391104
1195959788615741440
1195818850555715584
1195808784469446657
1195803746606956550
1196023053714673665
1195982824937021440
1195937129110654976
1195851795786014723
1195766002295943169
1195748401461284867
1187005833424637952
1186834646635548673
1186764242957062144
1186725524913250311
1189899849426178048
1189883704111517702
1189869654518448129
1189834407177273345
1189809252640182272
1189792139972153349
1189756405919731712
1189718654151249923
1189653225022115842
1189634072676618244
1189623024892416000
1176871986716454912
1176802287601225728
1176783464789696513
1176700372699815942
1176577571275857925
1176570610983624710
1191407293121908737
1191401495528378370
1191394690744160256
1191386850776231941
1191312903313534976
1191271382673432577
1191233636122726400
1191193103857848321
1196936222985338881
1196921107787464704
1196901002114457600
1196833670683906048
1193898079285600256
1193825712207224833
1193755253029642240
1193584133559259138
1193569032940785674
1176590888476250115
1176587145894608896
1189930032250138625
1189885248034742272
1189658252218376192
1189629322874773504
1189625551411122177
1189606675285774341
1176530498702757888
1176443692191817729
1176417243917410305
1176277626475962368
1176251155061575680
1185375052306538496
1185274391304818689
1178332875126661121
1178319806312992770
1178173024878678017
1178052321420484610
1178040434632859648
1176836275208245248
1176730599580680192
1176666410023555073
1176662877152907266
1176628652093726722
1176621107891396610
1176578564575158272
1176542219232305152
1179402098229858305
1179401926229860356
1179368954789339136
1179229584698593280
1189572702887141378
1189499700011028485
1189487128234938368
1189484603339366400
1189371361514475520
1187023496343371781
1186972747685076992
1186922760905396224
1186808220511297536
1186740294861111296
1192834170554372097
1192637884416831488
1192626554079260672
1192612715451363329
1179791975953915904
1179716496915881985
1179667428504158208
1179652314912743425
1179569299050156032
1179467371691593728
1189576478184427521
1189568929863262209
1189451884064657408
1189389745811611649
1189341169102348289
1189305939628871682
1189300908053684225
1193926377776590849
1193882446447730688
1193879444961841152
1193830762694479873
1193759020907212800
1193748156686708737
1193712284947943425
1193679805591490562
1193664674048421888
1193609279984611329
1189938870374326272
1189931057489096705
1189854794263023617
1189774014807449600
1189595375230951425
1189587787743408133
1188402522484023296
1188334215319969792
1188196109090459649
1188193599353229312
1188191113905102850
1186593049859776512
1186522588924829699
1186382927602634756
1186608161307975681
1186595568463892481
1186462211407056896
1186322536197431296
1189552564154589184
1189315997456572417
1193855902090244098
1193780409894658049
1193722536665726976
1193709959487348739
1193649564340883457
1193644521151700994
1193594185057746944
1186649295241535491
1186572921273237505
1186517557857128448
1186512534062415873
1186457173964083206
1186394267863920645
1189541318609047552
1189537457194356738
1189467007277768704
1189446857648492545
1189388975426932736
1189321021679132683
1189225416214679553
1189426723630276609
1189351235104714753
1189275729239912449
1189562264438870016
1189507260420112385
1189477053860589568
1189472027142447104
1189436787984359425
1189361338826539009
1189240537792110592
1186617826515312641
1186412111678857216
1186356543131963392
1186333869525622785
1177202814264758273
1177198813154566144
1177198663786991616
1177157370771910656
1177025025855164422
1176941978245877762
1176085080357376000
1176076679808192514
1176047316198932480
1176005823992147968
1176002020014272512
1175986906296913920
1175820837292822529
1180870365549084674
1180739660450009088
1180702047013920770
1180641354474573829
1175796791087915008
1175759591914823680
1175681151010332673
1175615499603984387
1175546091296698369
1175535680585379840
1190383022488588288
1180139286181625863
1179973766639738880
1179799540389568513
1194948146163527681
1194944346245734401
1194892749188861952
1194740485790846976
1194708627405332485
1194683896962723840
1186235704772349952
1186175354576293889
1187769650525986817
1187730561957281793
1187702882142969857
1195501750368821248
1195385992942895104
1187705388013146112
1187609772822093830
1187499032605843456
1187443675518902272
1177247732605628418
1176994837930893315
1176952752443920391
1176926866562830338
1175771779027152896
1175711382743998464
1175492412375830529
1180316723163078656
1180301630228586498
1180227203805716481
1180850216414699520
1180037371678601218
1179863719570022400
1179837291457593346
1179829745187471362
1190651798576648192
1190594411337531393
1190443435653775367
1190381259454926849
1190357875023122432
1186262620644499456
1186245785278713856
1186215558053814272
1185991579019943937
1187307826072477697
1187232255053303808
1183736757340258304
1183709068994777088
1183693957961801728
1183689919803379712
1183633549049643008
1180102222962515970
1180090276183969792
1180078873150664704
1179961860361244672
1179954363529355265
1179893920614014978
1188493106209013763
1188380722865852421
1188355835891769344
1188342026309427200
1188223791882747907
1188201146655105025
1179059563900887041
1179058956653797377
1179014377640472576
1178912485446955015
1178897391497416704
1178867158127960066
1178780315407585280
1178761520035090433
1178711130937729024
1177256561804230657
1177187331658452992
1177164901829230594
1177130722450128896
1177055271262326784
1177002399979986944
1176991053913739264
1176987278549422081
1176930644598960128
1176903626780004352
1182669695033446400
1182611831090749440
1182595445933182977
1182583235148222464
1182568791340978176
1182559494204776449
1182411757681348608
1195710665807273984
1195708486891589632
1195682954078543874
1195643190327566337
1195517352244383744
1195440445704327169
1195411179352608768
1195401150633263106
1185231590307356684
1185097366342385664
1185068011759292416
1185016410852003845
1184949731958673409
1184885554476916736
1190765572176384006
1190669986580316160
1177197402874363916
1177191116631920641
1177164682131595265
1177047671745503232
1176968396883267584
1176957026460688387
1176945752557391873
1184133101867454466
1184121773543120897
1184056439683325959
1184004768332746753
1183970787470069761
1183921958230134784
1183914149119778817
1183902844358922241
1183789630044413953
1178580313393582080
1178482143095341059
1179067212864409600
1179027221362728961
1178995518367768576
1178920036330811392
1185027779387150337
1185005104816119814
1184986214606295046
1184940929670696968
1196786886225862656
1196785212551811073
1196739916539015169
1196724807410290688
1176156822996226048
1176081309095141376
1176066206681522176
1176024680618176512
1175933233759961088
1175866113453973504
1175843466586337289
1178878497575620608
1178738814073950214
1195013003340582914
1194857510009819136
1194807172435267586
1188303757295194112
1188241272332541952
1188138270091292676
1179392812082778115
1179361669232943104
1179312582542397440
1179104972958507008
1193553924181184512
1193548904324894721
1193540761033355264
1193503574283698176
1193468358034890752
1193408308360683521
1193332482634125312
1193302290180059137
1193287224764313601
1193221729096785920
1191002113339473920
1190924062991814656
1190858242148188160
1190773121390989312
1190756741841068033
1190745990539677696
1190705144427634689
1190675044374130688
1183658711107145729
1183571903933566976
1183560571347705856
1175073402257838080
1174981548417769472
1174908560917983235
1174865782607699970
1187734657246388225
1187716696871723008
1187590881295192064
1187574529159237633
1187544314919956480
1187410688043618304
1191374573746507782
1191364488664104961
1191359472444346369
1191358124185280513
1191322967151726593
1191304102044672000
1191112867929608201
1188471677245636610
1188364734330032129
1188168462776045568
1188147034521559040
1188129432248180738
1179070988153229312
1179061253555269634
1179018196839473152
1178974102838743041
1178848277275516928
1180146840379052033
1180143077291417600
1180115808455933952
1180101531586240512
1179976962837815296
1179927881406963713
1179901482155548673
1179859953349267467
1179807101536878592
1183678855376228352
1183427216681721857
1180098856962400258
1180075158024986626
1180018475647033345
1179980748830498816
1183774470735106049
1183740261597360128
1183719137467682816
1183608573915553792
1183510262483226624
1183462440215945217
1183442326485684231
1187722003341594626
1187617302939869190
1187602227420127232
1187529228104933376
1187481443372589058
1187473947169710083
1187463802163519488
1187448695517786112
1184140659168559104
1184056342799106048
1183906339598323712
1183865098454126598
1183843865108852737
1183834884042907649
1183815896420237312
1190634692309065729
1190507267180904449
1190463608028901377
1190367924567072771
1190362900084514816
1190317606609309696
1195728248040087552
1195703119969243142
1195562159108956160
1195486654183686144
1195470713118953472
1175801962316611586
1175779335833358338
1175620750981705731
1175481090636754944
1175458457291563018
1178969059255357440
1178942681906601984
1178833201395044352
1178758929804861441
1176145463516549120
1176100926161072128
1176088843386269696
1176028438089666560
1175900158002958336
1175895008613998593
1175881223018819585
1175814120404398081
1189214091979694082
1189211664438235136
1189205270192447488
1189197967166726146
1189047981552623616
1188998918933303297
1188946812939493382
1177080886694678528
1177035523321470978
1177006146823041028
1176981721994149888
1176975943988064256
1176963679495102464
1176934458898956289
1176923092662329346
1180832184648814592
1180712839658590214
1180577171376656389
1180538154710917120
1187755720860749825
1187737023311994882
1187393332097572864
1187370681316630530
1187358094256459776
1187309536056623110
1187228490296418304
1187169346046562304
1187101410430722052
1185936225519181824
1185913582623645702
1185843128496001024
1185666968466219009
1185611581419376640
1183359909649440768
1183130244104052737
1190737875928784900
1190695086864117762
1194978374638276612
1194882669022269441
1194852484168245248
1194822272005148672
1194804696847978496
1194755598312706051
1194721641424662528
1194702765437673472
1183764433652334592
1183749336024399873
1183683957814112257
1183680380257345537
1183673805773983747
1183663748323729408
1183638605408931840
1183618455137869827
1183598332515622912
1175069652998905858
1175031879227105281
1175009255491022848
1174976507015335937
1174860759244914693
1187763276777771010
1187710410222395393
1187670148641120258
1187660074870808577
1187534284493594626
1187438649677352965
1187428591530852352
1187423538501869570
1175786924595929088
1175743361006936064
1175641698023759872
1175560415721480193
1175540758666973184
1187745640891240448
1187702003855704070
1187665130559102976
1187583613702938624
1187454995702132736
1187418505840336897
1187408445013667842
1185213997907369984
1185200768476942336
1185197511729922048
1185103280411729920
1185047871210557440
1185030677026279425
1184997550329389063
1184993761711013888
1184959830039154688
1184922081244467201
1184895618810109952
1189206999214579714
1189200245210714112
1189185142939471873
1189124729468342272
1189071895263502336
1189021729114542080
1188988848459730946
1188931002195951618
1185820878019481600
1185677033361293312
1185626686592819203
1181927061121884160
1181827068990033923
1181686986496712704
1181661137601024000
1181637980697645059
1191028690551033858
1190710175621144577
1190664899212533762
1181926837498327040
1181919809807757314
1181903412809613312
1181856893662384129
1181796482653003777
1183385672234754050
1183276646272516096
1183173007927320576
1183110118550003712
1183076136231821312
1189210310361649152
1189084473087930368
1189040426654863360
1188978775024910341
1188925930414190592
1188873278812803072
1193098762220122112
1192931447432241153
1192860601384677378
1192840477042708483
1192980127652691968
1190258466977439745
1190216944194064385
1190196802160676864
1190099915080372225
1190040820105273344
1190035770280685573
1190968130773880833
1190901694906937346
1190886375387742208
1190881015272747008
1190787615160700930
1185173718022213632
1185108269481758722
1184982472385355778
1184957299250618370
1184943844057665544
1184935060434227202
1183739249830567937
1183734211099930625
1183668837188882432
1183540438843756545
1183437254783655937
1182591673534222338
1182576588367507458
1182546402452393984
1182521259021742080
1182511161633361920
1182423097556832256
1189175078585589764
1189136813308469248
1189094530064310272
1189089534685921281
1188941045427527682
1193924096989573121
1193604291971424256
1192456687388635136
1192411430345224192
1192406359087734784
1192361061850189824
1192340933003685888
1192225174239797248
1192211376363757569
1192185847073968129
1192179878101159938
1192118574397239296
1185896244901830656
1185606550804664331
1176183216283238404
1176122559802351617
1176111527348396032
1176069965948084224
1176039763826159618
1175984401236353024
1175949036421038085
1175869913367502848
1175862363997855746
1175824589743693824
1187406594910441473
1187403395562377218
1187398364452786178
1187363131783352320
1187353091387133965
1187290877447884800
1187262475156316160
1187212147580981248
1187136642307506176
1187115245241851904
1187062405924306944
1187054850233769984
1179044588285243394
1179037017625133056
1178935117231874048
1178735025887629314
1186678623010512899
1186663514074685446
1186660687885541378
1186638359122382849
1186577956916867072
1186532652762959873
1186507477870940161
1186374124345667584
1195003465723977728
1194963215303815168
1194920427983974400
1194775751112953856
1194751834352734210
1178697269736099840
1178693523442323456
1178636890754473989
1178625561394057216
1178476883450695681
1178440591828541441
1180195962024796160
1180173248484581377
1181831678819479552
1181766264739504130
1181751182416584704
1181700826169053190
1182692355129987072
1182601757274333184
1182586647818522624
1182573569538174976
1182470899099934720
1182426860237590529
1182380308869648384
1182362679505309696
1194973281776001025
1194927961775980544
1194907848364482562
1194887728422371328
1194687641129832449
1194676151807041539
1194661272857595904
1192465186227134464
1192461722604441601
1192401336295399428
1192371136165752832
1192320815435599872
1192315771520782336
1192262907893075968
1192260435019489281
1192139638967865344
1176085074959392768
1176083275434975232
1176051093421330432
1176017121249288192
1176013366185340928
1176009561406345216
1175915203550162944
1175858572342759426
1187594662728601600
1187504065829363712
1187477344895803392
1177250240308633602
1177217277516767232
1177017401097015296
1176998574950944769
1177240173869981696
1177213795179147265
1177115635245080576
1177090674056990720
1177058998685720578
1177032584724963329
1176972170356023297
1185926169667035145
1185839318880935936
1185770624498700290
1185755290215636992
1185651851502292992
1186296164532051968
1186248286870609920
1186170272744910848
1186155177960759297
1186136149665955840
1186089756612018177
1186019286210531334
1189578216337481728
1189517336841216000
1189401316667330562
1189376432130134017
1189270716287455232
1189236742110502912
1185229061813080065
1185208588119236608
1185123375976460289
1176179460409835522
1176090618935857153
1175994468639678464
1175940723012767745
1190879093308440577
1176153022445039616
1176077528005562373
1176058668854448128
1196812891397206018
1196792685337743360
1196780178057449478
1196775168598777856
1196755008102051840
1196669472691675136
1196649322751942656
1196526025015988229
1184000973691338752
1183963239945777152
1183955696032899078
1183891505553068033
1183876412693983232
1183785558646181890
1182672723954278404
1182656120143433728
1182651328469917696
1182621889262444544
1182606807447019520
1182478455910424578
1182430634247163906
1176168117950697473
1176149271768436736
1176100179474362369
1176054887475548160
1176035997257277440
1175991945438670848
1175981882204463107
1175885023767093248
1175854821724905473
1175790633446969345
1175732784670879744
1175696949288325120
1175666309394251778
1175454689225256960
1175671668745879552
1175656163234525184
1175587042799116289
1175581563540692997
1179040802099453953
1179033277962817536
1179010616926724097
1179007063252504576
1178973507927056384
1178953969097478144
1178882274059784192
1178821884793761793
1178818085874278405
1190659853016064000
1190609530641620993
1190524433020141568
1190340494041210880
1175081269778178050
1175050740349513731
1175014546395848708
1174997906979471361
1174963929270779906
1188446828217470977
1188233867238559745
1188217511743053826
1188203676923551744
1188169966543089664
1187359853922148353
1187332936871358466
1187277574298357760
1187186999444279296
1187108712898551808
1187088842911895554
1187073732143144960
1190292467960164353
1190247191316770818
1189975241298235392
1189945151424253952
1193453449712717824
1193377754479243264
1186630813024210944
1186586754826067971
1186552842414444544
1186481063415242752
1186416909803282432
1186398021036191745
1186395774843871232
1186371654869540864
1186361536937365507
1186338888861847553
1193151337594281984
1193072696076226560
1192990211812274176
1192934846735228929
1192879489438666755
1192867329278926848
1190274835064250370
1190236866496417792
1190232044447715331
1190138950830239744
1190030700780642304
1190001762314395649
1179946765216301056
1179878813037146112
1179795768573665282
1192434064999010306
1192403879830474752
1192386222045499392
1192366112882737152
1192296635411423232
1192212577889243142
1192157110752153601
1192129542149808128
1186283134486302720
1186281041771798532
1186152886776094721
1186150144389144576
1186064566830153728
1186028083909935104
1186006683128094722
1176137929300819970
1176115279249707010
1176092639592157189
1175979380696375297
1175974337024864257
1175963685766017025
1175957496239919106
1175937583723024384
1175932807597699078
1175828374943686656
1175817936281489409
1190640336793718784
1190599466350456832
1190584385973768193
1190393084670042112
1190386320574734336
1190332705810124803
1178621786306613249
1178527399052533760
1178407864492285952
1178405626344542209
1178399086900318215
1183768350092091393
1183754337237000192
1183611655680331776
1183603348240588800
1183500185378402305
1183457395994845184
1196802861730013184
1196795288180137984
1196694623428730880
1196666540701179906
1196664405733326849
1196538585744322562
1196523485947932673
1196518475252084737
1196498325597540356
1184061398063689728
1183978348575412224
1183959460726874113
1183883954346217473
1183799668490289152
1184101634550448131
1184094334309801985
1183929259812904960
1183899050644574210
1196791268174635013
1196729843272028161
1196609088521682944
1196553693979693056
1196541125030535168
1196493300158611463
1196478209719713792
1196468126877175808
1183995957257605120
1183933024058183680
1183899708789547008
1183812935417761799
1183809725139427336
1188289272106901504
1196814006302003206
1196679520654413824
1196659389953908736
1196578877755285504
1196563804202708992
1191021007831805952
1189894800583143424
1189665802968084487
1189604692860555265
1189599105326206976
1180879153530380288
1180875409371602945
1180840465014370305
1180770200951627776
1180754621662482437
1180588496299278341
1180580960774975491
1180550748481957894
1179407678629646336
1179391870084042753
1179387339925315585
1179343701665034240
1179225776115335168
1179211929811918850
1180543227948081153
1184131842108264453
1184042508386557953
1183951924611223552
1183868859264196609
1183838670392037378
1185684572324990979
1180844380393021442
1180800205651943425
1180724410040369152
1180694428039700480
1180671559687720963
1180596067059949569
1180596059837349889
1180562074482741248
1180547251174825986
1182677249570402309
1182543982670295040
1182523739562491904
1182389134071083008
1182377812499542023
1182350934996848640
1176194566430629888
1176186571239956481
1176175660647235584
1176160580811591680
1176141715272609792
1176043600121094144
1175879955454005248
1175851039855190016
1175832147854278659
1188440250454106112
1188432669798993920
1188416325271588864
1188372722071539713
1188183571388911616
1180520533403799553
1180505446114873345
1180447555215331328
1180331790529187841
1180188381025882112
1184096607253520385
1184031162609610752
1184011032588632064
1183759391360798720
1183699006637170688
1183683891439308800
1183575670619815936
1183541479945441280
1183532919027130368
1183517815795523584
1175805732748451841
1175791897429860352
1175767983618166784
1175754269536002048
1175661222257156097
1175503374395092993
1185765101476794368
1196787721504804864
1196760038905389057
1196744971912646656
1196634223706177536
1196593976356286466
1196571301349134337
1188388655615959040
1188187220890570753
1188179722397716482
1188142038199472131
1186291082323267589
1186259866228269056
1186250810100998144
1186210546028371970
1186200462778871808
1186130022484058113
1185961397412343815
1190574294025297921
1190413224027598853
1190388104349114368
1190348850525036544
1180153110309810177
1180109183934484480
1180087702827479040
1180086436365836288
1180056232801034240
1180052470820675584
1180048674338029570
1179942991236128769
1179848863034818560
1179839086741397509
1176525462018973696
1176519176804061185
1176433324837003264
1176432347023052800
1176387053895999488
1176371944876367873
1176326671164743680
1178990472762724353
1178986667207778304
1178937076139646976
1180860288054288390
1175783091807444993
1175650987991805952
1175507546901229568
1176164359908855808
1176134148253200384
1176096144792928257
1175950435032666114
1175847261928153088
1175839732070268929
1175835939668713472
1175809500743458816
1186314977491193857
1186260873465212929
1186240725383598081
1186160251814531072
1186133783868825600
1186049490979041282
1186031888730873861
1186001678853644293
1192472486811701250
1192458928401133569
1192421470087065600
1192230223791702017
1192197481678987264
1192159741813952512
1186318787798294530
1186190417378840576
1186114971400392704
1186062063434682368
1186039456257712129
1186011712799031301
1195014796544004096
1194960697672818688
1194897771620376576
1194759379322626048
1194748047072337923
1194706547986833409
1194705122640777217
1190613903165861895
1190531525663772672
1190539235994025984
1190493773098373120
1190418270479953921
1190370492374568961
1190939349250125825
1190681896788905986
1189190178520236032
1189185392974581762
1189154006322614280
1189144857127854080
1189144070461050880
1188982221429977090
1188904533256265729
1188863005519470592
1186257583486767107
1186249200511655936
1186230682579881984
1186205524532047873
1186177818557894657
1186014241666539520
1185973969293316097
1193521362431860741
1193372512480112640
1193312333952618496
1193307303644221440
1193251933827600384
1185219021295239170
1185163648555278336
1185078084753612801
1178025341677445121
1178017800247549953
1190871265520836608
1190800782142119936
1190730329734230018
1192431537054244864
1192383700480212993
1192381228818808833
1192326531739193349
1192172323199234048
1192121993262444545
1189195512903286786
1189180167270424577
1188953629543358467
1188888188829552640
1192965046109982720
1192927283809521670
1192923526271033344
1190289933484867584
1190221983763632128
1190160426971148288
1190146487751204864
1190131377586548737
1189992965260939264
1189991268472041473
1189957748974379013
1189185891069128705
1189159459404296192
1189149289219526656
1189055528997130240
1192356017838919680
1192351021873410050
1192315767536193537
1192275527069044738
1192162270262046720
1192154718841253888
1192137099987869696
1192132432176259074
1183770730397343744
1183724159043559430
1183648645620666368
1183593322843119616
1183525349910556673
1183496401382182913
1183490106256232449
1183485581302665217
1183482568236261381
1186275965984563210
1186225620252053504
1186075894890323968
1186054519161008134
1184091611837411329
1184026135098728448
1183937932652171265
1183858781899427841
1183853995577827336
1183819818987933696
1189512369778712582
1189338664616239104
1189326061500325889
1189280714606481408
1189264299597926401
1185812937501499392
1185780187163705345
1185591467655348224
1196808624301060096
1196800848753516545
1196770114844135425
1196734875497357314
1196714777604702209
1196689571381219328
1196604027666149376
1196528517959294978
1189154933683228672
1189147378328178689
1189031029153193984
1188928442756227072
1188900804503232513
1184111706089410560
1184046279590076416
1184016116894654464
1183940617187086337
1183939320228597761
1183842460469993473
1183804775076433927
1176145015543881729
1176078773764145157
1176073752062414848
1176059932606701568
1175945349246201856
1175927778140704768
1194974539102507010
1194969242719924224
1194940569719627776
1194902828181000193
1194837387987345408
1194812250512596992
1196719794357243904
1196704688718204928
1196674482703867904
1196622903577645056
1196588905228914688
1196576338846633985
1196508291809120256
1196483244759367681
1196473184360574976
1182674980854779904
1182626984414928898
1182556465166454787
1182551457289121792
1182486010283868161
1182404218382159884
1182396632597520386
1180865310477504517
1180835114634416128
1180826293014814721
1180815055409025024
1180633844426448896
1175065874778271750
1175006716481744896
1174948828375474176
1174931714361065472
1174875836966756353
1185908543104454657
1185704693206540293
1185682061044211715
1192305713533587457
1192300679517425664
1192290666048569344
1192190892037345280
1175716846009499648
1175599491841429504
1193445719442673666
1193294728575500289
1193267029538676739
1193254451479564289
1192213838432747520
1192207569345011712
1192194970482094081
1175998279873703936
1175910148327530496
1175877444705931265
1175873679860948992
1196807976306249728
1196619128171384832
1196510952440680455
1178687266115465217
1178618248344023040
1178614240946593793
1178572588668182534
1196916412318670849
1178350005310103559
1180026029320134662
1180002794708840448
1179965636744826880
1179916595050758144
1179896431957684225
1179871274153066496
1179833572615708673
1175761682829889539
1175737895069638662
1175686292111319040
1175579866193899520
1175473551840862208
1175465978257379330
1190590646748360705
1190561730235113472
1190377996672208899
1190366684688867329
1190342785137811456
1181917304482881536
1181913978219438080
1181911455194632195
1181627842540560391
1181617818778918913
1180731970902466560
1188485551025991688
1188467914162225152
1188319440338898945
1188297082974736384
1188162581007081478
1193324908127887360
1193236828133957635
1193211692504821760
1193045562800689152
1192890804383223808
1190201819722633217
1190156544270315522
1190116293002829827
1190096146926120960
1189903855477231616
1189874693211381761
1189864604203139073
1189801660551507969
1189643153801994240
1180494116767096834
1180482825402961923
1180475266096865280
1180248768098250752
1180233661108670465
1180214778477907971
1180162178307051526
1188451548982059009
1188349638589538305
1188271931881115648
1188259054944215040
1188133225996148737
1180135554500960257
1180131734802911232
1180063278359293952
1180041135558930433
1179875052319395841
1179867510889484289
1179822191015317504
1178647611269615617
1178610477372526594
1178595392839139329
1178581778136739841
1178519877251977218
1178433039719903239
1178402852907225099
1178378172167081984
1176503575612153857
1176482686254428160
1176467595500937217
1176437641178492928
1176421040010006529
1176356853795700736
1176337998172106752
1176292700859043840
1176270046630490112
1176232301480632320
1176224761325727745
1188266841069838336
1188213739729883137
1188209953846317066
1188158378742353922
1180158655548858374
1180029824116645888
1180014756742275072
1180010934766637058
1179909016547418112
1178966088987660290
1178957758869200896
1178950196820168705
1178799220008116225
1178727496449216512
1178719941643685888
1195723215483625474
1195715667946803202
1195554617523949568
1195547041969115136
1195481625158672384
1195461522245468161
1195450172920279040
1186673636905816064
1186567900100005888
1186392991700865025
1185178773404180481
1185133464292675584
1184963564483895297
1184925814988722177
1184877196718018566
1184871716469854210
1185057975607713793
1184967352749821954
1188410067068043264
1188326400194953219
1188279827373199360
1188248963083841543
1188206209767223296
1178708631895851008
1178701064125796352
1178429273574645761
1178425486659248130
1178387748031533057
1188425150024355842
1188165928040751104
1188149581420421120
1175765553509740544
1175518845232123905
1175511279005577216
1179057329196687360
1178981646957207553
1178946422827294721
1178927562266947584
1178857076971446273
1178844507984601088
1178787887111954433
1178742580680548353
1190629720007819264
1190569250764853259
1190353165012623362
1190327698033385472
1190312578280566785
1186303686143893505
1186255831135858689
1186195434592768000
1186185356577775617
1185994189760270336
1185986583041921024
1193563992050077698
1193317365238435840
1193278354100801539
1193262016993136645
1193238601716424706
1180497884925575170
1180467735626752001
1180437520158461952
1180282464930938882
1180278964985696256
1180271411262300160
1180207235064049664
1180204220420673537
1193536318342672384
1193476183607906304
1184125558617235457
1184087050997383169
1184066408767987712
1184034948300316672
1184021099270594561
1183917948915855360
1183887741622337536
1183861307197575168
1183794637212917760
1176171893948321797
1176103977861206016
1176082307238772736
1176062416762867712
1175968115848548353
1175965656468078597
1175953034930806786
1175871152838926336
1183721664317657089
1190276580569944066
1190151503820075008
1190108733843660800
1190084818232598528
1189990435948679169
1193143728845852675
1193121071110795264
1193090887301111809
1192970082756046850
1192939886623502338
1192937365892939778
1192854335400615936
1192849328378916864
1196803772971962368
1196787445037187073
1196749991613804544
1196713887787339776
1196548863110402049
1196543638647517184
1190516425863110656
1190488725173735424
1190428334032859136
1190322629980434434
1186301124443287552
1186278477714153472
1186265937726623744
1186038143977439232
1189565147574091776
1189557600532213760
1189502223459508224
1189497185513168897
1189489685313282048
1189461970241630208
1189255632941129728
1193158838167322624
1193136191996092417
1193080557468618753
1193061643267301376
1192942410084605952
1192922256357257216
1178644424269733889
1178565200104046592
1178504776415363072
1178463222430613506
1178395298038779905
1193438657719492608
1193416051666628609
1193400416488370177
1193282130236903424
1190262250680004608
1190255305524940800
1190181709272227841
1190127595381239808
1190081039839977475
1190023167034765314
1189982911572926464
1180369557300682752
1180326766105239552
1180241220653764613
1180229889737318400
1180224534697390080
1180199670494220288
1180188387640332290
1180180827847692288
1180177034045218817
1176534293734154241
1176531767462899718
1176439901342113794
1176424790934065152
1176405952297353216
1176393129420832770
1176390893286449154
1176375746316685312
1176364416335523843
1176304016713797632
1195740832583864321
1195738332866732032
1195552082960490496
1195521899532562432
1195404484517748736
1187667643857166336
1187655056033746944
1187624860022910976
1187621076404228096
1187493990540689408
1187483926589247495
1187468830458560513
1187431072713400320
1180457620123074561
1180407337766522881
1180309141786697728
1180294073623691264
1180192136651853835
1180170747400077313
1175043184361189377
1174991613749334017
1174921146656911360
1174885916000870405
1174878360033464325
1188847913910358020
1188689380774465536
1188508190650093569
1185566306218729473
1185405279510368257
1185390132880465921
1185299828957417473
1185242919051186182
1176887269464170499
1176824931801341952
1176786422973521920
1176741900776353792
1176639979801522176
1176609777910259714
1193491023311392769
1193369518288130048
1193352594523131904
1193216713287974913
1181957513438203905
1181882026632372229
1187380750989058048
1187202101346263046
1187166835109703680
1187096418475020295
1187086312379207680
1192479342418386946
1192476608323567617
1192335899117395969
1192330853298425856
1192210330962841600
1192205055967088642
1192152196592349185
1192466747967840257
1192255358712057856
1192223903160160264
1178889788130238465
1178802999055015936
1178795433033945088
1178784096593551361
1178757699531677697
1178753909013307396
1178731279359123456
1195577259941355520
1195569701767827457
1195531957918154752
1195457721807572993
1196828013951963143
1196533584191983616
1180592275979505669
1180569608421597189
1185938750330810370
1185931212155772933
1185918605134909440
1185732390091743235
1185634229155184640
1185624177941848072
1185616655394709504
1185601524002623489
1184080257529405444
1184076540008652800
1184038726139142144
1183983725727682561
1183895328052989958
1183851046705270785
1183824817696509952
1184102810180304896
1186311214810488837
1186118674211627008
1185989083132284933
1185979040924160000
1185966424453455876
1192376157913698304
1192285573962174464
1192174826326233088
1192170525122011136
1192149682887237633
1193529027639861248
1193513672250974209
1193372709327187968
1193274562898735105
1176473868879454209
1176345566542012416
1176296481407537153
1176266293017817089
1176254945932316672
1176203509584355328
1193460823961804800
1193246906874499077
1193231805069086720
1195677912600592384
1195650900620120069
1195476633924382720
1176492755075440640
1176421536611348480
1176334222879055874
1176332655887028225
1176262521617035266
1176243629502996483
1176202088633765888
1178669569373814786
1178448137964412928
1178400829142945797
1186735345343307777
1186728618417893376
1194993494877704198
1194980830558466048
1194940557661032450
1194872635705962496
1194782082624606208
1194734105830871040
1194699002740117504
1194676370992963584
1194668806326620160
1194656996471066624
1185184027856265216
1185146510926864389
1185138467224899586
1185113302344589312
1185023974885003264
1185001334296240129
1184974921530839040
1193176438016561153
1193171441430253569
1193106429172944898
1193012867710300162
1192961260310220800
1192887053618417664
1190211885611855872
1190166590823845889
1190162070618202119
1190123845316960256
1190010639881773057
1189950184928743426
1179052126728835072
1179048370918301697
1179021926053945344
1178998978794442752
1178977895542411265
1178829421677031424
1178814336812437506
1178766231115063297
1178763359744925696
1180855245674561538
1180762442156167171
1187718289914552322
1187697720674394112
1187690298027270145
1187673918267674624
1187521412648652800
1177254383177912322
1177153379883204608
1177138260142936064
1177052694957240320
1178704855457845248
1178659524804255745
1178651471321223168
1178633112034693120
1178576488351911936
1178489697745739776
1178478271262068737
1178391522091442178
1178380193452441607
1178376439214886913
1188123191199354880
1188118109028261889
1188047683702972416
1187806063816523776
1189170035870314497
1189109636932276224
1189079438081904645
1188920905772290053
1188912098232950786
1185956377010802689
1185946296697397248
1185775574213693441
1185669479809847304
1185596500077928448
1187312801800429568
1187272533164417026
1187156792385724416
1187141683227627520
1187134145383849984
1187071362571161600
1180501681244704768
1180486575152664576
1180471475825983491
1180216171783737344
1180184582261542913
1185153584603766784
1185128412807155712
1185093176316575744
1185083106421825536
1189550055562403841
1189421707813105664
1189406589834420224
1189331123563839488
1189285835004403714
1188172226044055552
1188153366343536640
1193430813624414209
1193362725352677376
1193331398536507393
1193226788283002880
1180422379648032768
1180260091225874432
1189456925630619649
1189431760284725248
1189356266449199106
1189248099555971074
1189232961838878720
1180124172837625856
1180066539543896065
1179924122731761665
1179867505185230857
1179844850696540160
1179825966207643649
1193558949724864513
1193390999437021184
1193309817294733315
1193256977457131521
1178703914083983360
1178678434807123968
1178667105841008641
1178629332677332992
1178599142467280896
1178414182565384193
1178368859088273409
1188491821409820672
1188443625966968832
1188220024600875008
1178353783790804995
1178640666588581889
1178591587405910017
1182619368389337088
1182355186209247233
1176515151312412673
1176511665824813056
1176485229575512064
1176451253745963010
1176413500735930368
1176322881476792320
1176307777003765760
1176300227650887680
1176247381622497282
1193385319099518976
1177051445369221120
1177019229930999810
1176938193867935744
1176934474577317889
1177160932621000706
1177145832690372609
1176979734120554506
1176919325640249344
1176907186229981185
1185850750687174656
1185672003916840960
1185646855306272774
1180509221395337218
1180479026592399360
1180267630076280832
1193000302867341313
1190252180479066112
1190176662119419905
1190171634063355905
1190068461575266311
1190058385099706368
1190050836891746305
1190028200233111552
1177225091211517952
1177142035079454720
1177120635463589888
1177030826392993794
1177021241477206016
1177009916030021632
1176915556424933376
1176910154014625794
1193183434421735424
1193035790730825729
1192955008519745539
1192949935886483457
1192844259109552128
1190302510784897027
1190141434109792258
1190136405579747328
1190014588542242817
1189175955924934656
1189165022167080960
1189066853806755840
1189008987427131392
1188973728912285697
1188968742614642688
1188908649613332481
1188893270312652803
1188881893263138816
1188878139520405505
1188855468036411392
1176522955393814529
1176489219205849088
1176447465014407169
1176428594064777216
1176398405867835393
1176198306407604225
1187766644149510144
1187765800414973953
1187750677910556672
1187700361282408449
1187554384105873408
1182480960450940931
1182460851468550144
1182415556764405760
1182373999554322432
1182358909090222081
1183502697175093248
1183452360523337729
1183447331825508359
1189114679781711872
1189032897778503680
1189014022789697536
1188908362391527425
1183718089680179200
1187678948169310208
1187651272075304960
1187647528185020416
1187639959928365057
1187579553088184322
1187549343265558528
1187458791194976258
1176470123420557317
1176409700545552384
1176261074267586561
1176220965694582786
1194990904567828480
1194842417859567616
1194797117254049792
1194794606036226048
1194672024028876800
1194656198102077442
1195393556090933253
1179576831890075648
1179512645503930371
1179508884530180098
1192451672020340736
1192428186883235842
1192426484297863168
1192391273350606848
1192237770254757888
1192142120716554242
1180150630888935424
1180127993496309760
1180112876792623104
1180082655616028672
1180071331234230272
1179886419239669760
1179852395309862918
1179810891346436097
1187628631503392769
1183779545129857026
1183671305209569282
1183628511996719105
1183623525636157441
1183477535696396288
1183472487729913857
1187388305622667264
1187368195470049284
1187197038347411466
1187103937859670016
1187066206781616130
1178806755108823040
1178791675315011589
1178750141152612353
1183751836957851648
1183696006808002569
1183688921986801665
1183510262298619904
1176020904054317056
1175906878192271360
1185943785261404160
1185888485422567426
1185858716849057794
1185828529470095361
1185692140581675011
1185672818031247361
1185656885300596736
1186286025691283456
1186230160938418176
1186208014149279745
1186180326634278912
1186172786324246529
1186165224006660097
1186145169009233920
1186126232607494154
1186046985977118722
1186005172876730369
1185963992407257095
1183714147621572608
1183643611445022720
1183467449695559680
1183434763367075840
1183419643580633088
1177238395367477248
1177176468281004033
1177149583606112256
1177075394568237061
1177070331720343552
1176918837645774850
1189069368107376641
1189044248638828545
1189029126801448961
1188933488122253312
1188915884804456448
1188871820839215108
1188857992353112065
1196815978425978885
1196796539710124032
1196765089849921536
1196684553756270592
1196644287431270400
1196616608984322049
1196508404778504192
1196503384628629505
1196489851551518722
1184116739497484289
1184089132114595840
1184072684797419521
1183975796316221441
1183936793529462785
1183910386631958528
1183850004022284288
1183829836579639296
1175551169147674625
1175024325449134080
1174953862811156480
1174890957210357760
1174870825746522112
1190053604037668864
1190021405951307776
1189960239325622274
1185120858517463040
1185099971227537408
1185035306170486785
1190976978687541248
1190893967577157632
1190865970874789889
1190841063939948544
1190715225252732929
1190700123971575808
1190679987101323264
1192469272733331456
1192245307821699072
1192210071394099201
1192743581628424194
1192688221802639360
1192622794783313920
1192567423997763593
1192446651220267008
1192416430945439744
1192384780815552513
1192345956823523328
1192202515019968516
1192188686286409728
1183775294949351430
1183744309381730304
1183729220121481218
1183706493734080512
1183432237573955585
1180158140869947394
1180154397977911296
1180137990963826689
1180087238329323521
1179999640000909313
1179890141978152961
1177183327469658112
1177100553601605632
1177085418900217856
1177013684406816768
1176947663364902914
1180792529937141760
1180656853669335041
1180603608754094080
1178587805792047104
1178542652620451841
1178436838706561025
1178421722296520706
1178410399651303425
1178383996109180929
1178372650864914435
1176496579802554368
1176402160319434753
1176360646662905856
1176353089797988353
1176336881015017477
1176281372652187650
1176236075024551941
1176500039344164865
1176466355501064192
1176368180110999552
1176311572156887040
1176239860128067584
1176205854640656386
1178681931984261120
1178584033065865217
1178473852126597120
1178417938916880385
1182574373737304064
1187740624084180994
1187685261146251264
1187564453283405831
1187514132570034177
1182682292105420800
1182647056743239680
1182570298438230017
1182475933682413570
1191014871242031104
1190962673082650625
1190931646431875074
1192436568168050689
1192169847133757444
1178686019488628736
1178655792754499584
1178497232129200128
1178486015750737920
1178474632732725249
1178365077960962048
1178355021177655299
1193064817017475072
1192995236047413248
1192932372372762630
1192864429332938752
1189134795122659328
1189104640719314946
1189074401695862784
1189064329368395776
1189036664942944256
1189016402943979520
1188993880106131456
1188923483755044866
1188884418221527040
1179414519245938690
1179410748348522501
1179350362676969472
1179305046518960128
1179282392516837376
1179274834452340742
1179221988067463169
1179191798675193857
1180830147278249984
1180611156735606785
1180533138369499136
1180528093489967106
1185224058050416640
1185143507364859905
1185039057337888768
1184954787034476544
1184943430637703187
1184932109892358144
1184929645667540992
1184893621042106370
1184886765456363520
1190649798053048322
1190546598335582208
1190473628980260864
1190433377385689089
1190398157416521728
1190372959141146624
1180462647042592769
1180312927334739969
1180289508522237953
1180252534545539075
1195688014099468288
1195582305080885250
1195494203054317569
1195490438356127748
1195383546187255808
1195011021821353985
1194988374219776000
1194938788495183878
1194933030210723842
1194922938530701312
1194827310349860864
1194729193155780619
1194703989687955456
1181872008793071616
1181846780268429312
1187343016652136449
1187267495318736897
1187242335727509505
1187171863698518016
1193028059345104901
1193005303232634880
1192913461107449860
1192899615542120450
1192869399549620224
1192846761011875840
1182667194876026881
1182527526054350849
1182513699401224192
1182502863165100032
1182400477343948801
1182384059839893504
1182343810912792577
1177195138319310848
1177108062588608512
1177062772443623424
1177043875158007808
1177040148221124609
1177028784299696130
1176974420843388930
1176893595665739777
1187735597999366144
1187720484265353216
1187643717676609536
1187636169623982080
1187598432401350656
1187488981157584899
1187451260435402752
1176435634619256835
1176288909573206016
1195388754594271232
1177232743798849542
1177205724830666754
1177179787607064576
1177172231463424001
1177126924923166721
1177066534570778625
1176911759980072960
1176899481444454400
1187519199884795905
1185787803776495616
1185687087091191809
1185641793716654080
1182654747138056192
1182396668068667393
1182340067496517633
1190982725664198657
1190947046905253888
1190750770964107265
1187378253557882882
1187327892633640961
1187282603742760961
1187252411410370561
1187081302186627073
1180513091773091841
1180237439895519232
1190269780449738753
1190245974549188610
1190191789048815617
1190102445793456128
1190025713816133633
1189978371175964672
1185203898010738688
1185193928858976256
1185168668797341696
1185158603579236352
1185088139624374273
1185073075982876672
1185062974454677505
1185020200049172480
1185012691729039360
1184971124897124352
1184917029163278337
1184897633183322114
1195506810729443328
1195408656122228737
1195389764154920960
1175039480094498818
1175016789065031680
1180033577007886336
1180022277146058752
1179936191480770560
1179814657181323264
1182689687116406784
1182662150080339969
1182642050963034113
1182566555734831104
1182455788301885442
1182371505549787137
1175084733807693824
1174937492442640388
1193871011990712320
1189909914556260353
1189799220485771264
1189738795622653952
1189673371509886976
1178999270277603330
1178965325691412481
1178716218141954050
1174971494301986816
1174916103908184064
1174898494177345536
1179406487472488450
1179370876837478402
1176527503990689792
1176463516951306241
1176460820978552833
1176383288040181760
1176216743536189441
1176214582450409472
1176209775274713089
1187373191477563393
1187348033106857985
1187302732539056128
1187287618469449728
1187217205454430209
1187151731513348096
1181203002293653505
1181197820273053696
1181196263607406597
1181069652463620097
1181049041850961920
1180935820443885569
1180916927205691397
1180882939623677953
1195705608600772608
1195666366008823808
1195658571016556544
1195597395754700801
1195446565818814466
1195427530838286338
1195396085407195136
1176459978418393088
1176454758841933824
1176439484738691072
1176273808623321089
1176219618832240644
1181966325234704385
1176507876556312576
1176504204279648257
1176341761142284289
1176283884037844992
1176228512568696832
1177613894875045888
1177595024848097282
1177591259743031296
1177553503650287616
1177549738696163328
1177530855180374017
1177523326471720960
1177394969486798848
1177304529580318722
1175424454991712256
1175133801292410881
1175086551572914183
1195376424854736897
1195280322696495104
1195265232429555713
1195169567917690881
1195159531615068160
1195129301626216449
1195124260454510593
1182254464520146945
1182226810358190082
1182224277371867136
1182308570005680135
1182249454927335424
1182211690693300224
1182186513284681731
1182173963432206337
1182083368797769729
1182049364765761536
1189166988431712256
1189119753979383812
1189051760817692673
1189023080355684353
1188963693465391105
1188938608960507904
1188860493240393728
1175001702535192576
1174903551417442304
1174883648413294594
1174858254909939713
1190780714582773760
1190725293050408962
1190720260414091271
1192069142003757056
1191938275138781187
1191752065376301058
1181876978657501184
1181782942340861952
1181762475060060162
1181720972812062725
1181622805827186688
1181887053665058816
1181866926647234562
1181816582282063873
1181807458630688768
1181731016651739137
1181715925554356226
1181690838985908225
1191704319525031936
1191446294537093121
1191445057045508097
1181509568632885249
1181413932864540672
1181301946533199879
1181264201249153025
1181252185675485185
1182324970854191110
1182294781331947524
1182219301035618304
1182063218967089152
1175374133720420352
1175254592134795264
1175179107556102145
1175156456875855874
1175114966468374528
1175105597374697472
1175103583668318208
1195305459311362054
1195284091211591680
1195245072247341061
1195109168325246976
1195078971685298176
1195053888715575298
1181597645992804352
1181510706182664193
1181459229464551424
1181343516624072704
1181329640406863874
1181294395271856129
1194429693832892416
1194378099842076672
1194324006360559621
1187322908550586368
1187322382039412743
1187297698359205889
1187225486126174208
1187077511596990465
1183045942729154560
1183019584649121799
1182953019773722624
1181218896575156224
1181144474237505536
1181132077212803072
1181098105472610304
1180943340478578688
1187247386143461376
1187237286829854720
1187119060095504384
1187091345200111616
1182238484712640512
1182204167445725184
1182163871139860481
1182078303173271553
1181973871186059265
1191477746725277696
1191465166820524033
1194640674961969152
1194545458263314432
1195370924100292609
1195318069104644097
1195260163923599360
1195229954117718017
1195189713025540096
1174942552929140737
1194525362773999617
1194317716800385027
1194306411536273408
1181237820763131904
1181230208558477318
1181173586654052352
1181128293602476032
1181065377377390593
1180913164835274753
1196782728525615107
1196699689623666690
1196639311250251776
1196626681731137536
1196487637227462657
1196820216350724097
1196799043600556033
1196790509295022081
1181569214026518529
1181388776620343298
1181339684535971845
1181324600778641408
1181309506648711170
1181285597027041280
1181279294586122242
1195374196022534144
1195335661278154752
1195330630516645888
1195300435353112576
1195295415064834048
1195204830920351745
1195199765119717376
1195154453231480832
1195056326600220674
1182541345333923845
1182506127449309184
1182496076642816000
1182366474146603008
1182336245353107456
1184500001193496576
1184305850342694912
1184302997335171073
1184144419915796480
1195627792257433600
1186270938834374656
1186070883200307200
1186010997926060037
1190604497430761473
1190347812615139328
1175775536016236544
1175691603819847680
1175625991315763200
1175609502965653505
1175571059292213248
1175565601588297732
1175500029781585920
1175496170522718208
1175487243311562752
1175447125590716416
1175443335600885760
1175393476688711682
1175379206596956160
1195325617929117696
1195310513791655936
1195235024200781825
1195209842438352896
1195119244100489220
1195099138259660800
1195050791209512960
1174907306745589760
1191736955123449856
1191686627334250497
1191538127065829376
1175749096168153088
1175636340765016064
1175631192810561536
1175524438579671040
1175484871172599810
1175462223533215744
1194998434878644225
1194958170373971968
1194912878706462721
1194867577203363841
1190654814708998146
1190483693753831427
1190478660182167552
1190458518421352449
1190403209547976705
1190337761921908737
1190320121056808962
1190307538866192385
1191779956902256640
1191767143802650626
1192104367354187776
1192079234577113088
1192066619192811520
1191930722833047552
1175369089201659904
1175322016636952576
1175220633334177793
1175164005142421506
1175143843685183489
1181870087860604928
1181811559598825472
1181709635067219977
1181680679882498049
1184083807382753282
1184071440263516160
1183880238637420545
1183846197439664128
1183011977326665728
1196709713855090689
1196568787274911745
1196558711579455491
1192085919362363395
1191872850900213761
1191864045630083072
1191832590673760256
1191822530727829506
1191777254566760448
1181187232851513344
1181166044955774977
1181147171627945984
1181135846185017344
1181018839137558530
1180950886379610112
1180920718151827456
1180784811054686210
1180599807871578114
1180558302738079744
1180554505827602433
1184423776907382786
1184412447416958977
1184396074036977670
1184391049470455808
1184386030612426752
1184363410059862017
1184349539970494464
1184340705113710592
1184271002764828673
1184231237206061056
1184213666033479680
1184204845693227013
1192043970395824129
1192023837069721600
1192013776922525696
1191988631612866561
1191968487457140738
1191807476972179456
1177617690577526784
1177610128373231618
1177376077381021697
1177315748806561794
1177281706979745798
1177267434635628544
1194631046064508929
1194605865980059659
1194522807675375616
1194474994329362432
1194366785644044289
1194301363045511168
1175351855804755973
1175346781317718017
1175301287887462400
1175192938370015232
1175148905698344961
1175126243739656194
1175096069111394304
1181332141134766080
1181328414214627328
1181313324925046786
1181283136459755529
1196382579513069568
1196250433112727553
1196201402030329859
1196192557191122950
1196171198297710593
1196130912288878592
1184481657988026369
1184416227218935808
1184403629127753731
1184370905021063168
1184305607307870209
1184182170887376896
1181169834123550728
1181154736952823808
1181120745713389568
1181041508125986816
1181003743082549249
1180965988369600514
1180947095366356994
1180908093837893632
1182299770012028928
1182259120726052875
1182215459422326785
1182196595896541185
1182143746068140032
1182123618148466689
1182093401971400704
1182019612608811009
1183034615457554433
1182999381617852416
1182868528053018624
1182752782023057408
1182702422466150401
1181935051665223680
1181891424201183232
1181707121605382149
1181648218427465730
1191717750332416002
1191671531644043265
1191495367629713409
1191459963778015232
1191744509429854208
1191706771410366466
1191701736593010688
1191681586342907904
1191621189904588801
1191575887432564736
1191467249137324034
1191457236750667776
1177602625304444929
1177501497925328896
1177447791913648128
1177330782203011072
1177311900809519104
1193053597161967621
1192883264316432385
1190230836173557760
1190206912601755653
1190111223116898304
1190087327143661568
1190063445195968512
1183054758229282821
1183029578929004544
1182984267955093505
1182929883405737984
1181181140285235200
1181150948019847169
1184454252825075712
1184367336016531456
1184355825164402688
1184336950427357184
1184325624799940611
1184320922519588865
1184219944688537608
1184159555154042880
1182328706427232261
1182181508292984832
1182034258271068161
1181754932485087234
1181746129588895744
1181692031644717057
1181665608292818944
1181647968153325568
1181620138476474368
1192109418726535168
1192094036234055681
1191978622090956802
1191926949565870080
1191898006473326592
1191782255976501251
1182265784283860992
1182192811858366464
1182098466882932736
1185873348535996417
1185740381989867520
1185740168067727360
1185636750384865285
1187317844612206593
1187181944808902656
1181590099743723521
1181585097222492161
1193020406199996416
1192985168673419265
1192975105141415936
1192950568748232704
1192924789603745792
1192907163938836480
1192875943246909440
1181554862762405889
1181489415958515712
1181464271542259713
1181444118653931527
1181418976238346240
1181400100263862273
1190272286626058246
1190244660469469185
1189965297123504128
1177572367893225472
1177570132211785728
1177534607199297536
1177515754532438017
1177493174551379968
1177372310107561985
1177298820151091200
1177293033253036044
1185008864170778625
1184906976041558016
1184904435702665216
1184495482070016001
1184473114874470401
1184458993340735491
1184448073596096515
1184373808779665408
1184289123198296065
1184264451312246784
1184255147217707017
1184208602522902528
1194954143942823936
1181786383742054400
1181771290270670848
1181658027377807360
1181653023631855616
1181642947449761793
1175054552162295809
1174850675278262280
1174837058080301057
1181897112969191424
1181862825565790208
1181841752690479104
1181791409784967168
1194540411135680515
1194490084990558208
1194419650412601346
1194374332799164421
1194344124243046400
1194303869200801794
1175435805013237760
1175432022094995457
1175175346091696129
1175145161694822401
1175109948059148289
1196432221651030016
1196304546131259392
1196299522999275520
1196210371507507201
1181542345688387585
1181431209978732544
1181287200438329344
1182317391537156097
1182263973472808965
1182244414405726208
1182138693831794688
1194651171383922690
1194560573079478273
1194555526908194816
1181581292279869441
1181524677690368001
1177527314701176832
1177497801363619841
1177468234984878082
1177452875405938688
1177425161588563968
1177417600680308736
1177413827224375296
1177406288701132800
1177383634300538880
1177259045989834757
1195372703873687558
1195369139344465921
1195255136291045376
1195174622905458689
1195041216041279488
1195359627271118849
1195352885690871814
1195111681292218368
1175401811777339392
1175389219923156992
1175119964606541825
1175406840634646528
1175284070458114048
1175214352053526528
1175205524171874305
1175182887433515014
1175137630830436354
1175099855716474880
1177600564475105280
1177360975256870912
1177327021015339014
1177296804125302786
1177282077693218817
1183004425343901696
1182979243334090752
1182922199616937984
1182848385163894785
1182774315865034752
1182718493139111936
1182713743370850304
1181949963108065283
1181944716381822977
1181929797980708870
1181851807615766528
1181824143181991936
1181736089297592320
1181670634906165248
1181632894479024128
1195224935016337408
1195139358753480704
1195103514885840897
1195016101102587906
1177579934925152257
1177368545228931072
1177334907300909066
1177319443770335232
1194628705903095808
1194575649446547457
1194565584366780418
1194550496511610881
1194399740374507522
1194351699919560704
1194313954954227722
1195362349445722112
1195348849260482561
1195315530045034502
1195290356230823937
1195184673644785664
1195182147797172225
1195092804114034695
1195081498409545740
1195033679241863168
1195028627655708672
1195018571958624256
1181603950862225408
1181575349227986945
1181504529910702081
1181495710614720512
1181484387482963969
1181449153102123011
1181373684503764997
1181366169133035520
1181335910773858305
1181544798429294592
1181534463228030978
1181529705482244097
1181514585418981377
1181454184333348864
1181403884088156161
1181275526549446656
1181124527729893376
1181105649624764417
1181086828142747650
1181052796793233408
1181045260497149953
1180898021992730624
1180894243600158721
1181022612085989376
1180931996819886085
1182269578493210624
1182189045897728000
1182108521468432391
1182056912847872004
1182041826448101376
1181985200412282888
1184398591265333249
1184285642727006209
1184262657718792193
1184247614361034752
1184242629288038401
1181222743246823425
1181109432689803264
1182241892169375744
1182184413444104192
1182038144880959489
1181977660194467842
1195333139457085443
1195219910785486850
1195141894046654465
1195114282398171136
1195066377524142080
1195048316708491264
1195287876696756224
1195061365997801472
1195023598978818049
1175413148314152963
1175409383200739331
1175111145377685511
1177604564318601218
1177545372417310722
1177402146775584768
1177274176308207616
1194459882277261312
1194404569008287744
1194389460231868417
1194359239852122117
1194595801504333824
1194593289221156864
1194495158290698242
1194369296828370944
1194334059599560706
1177619414390321152
1177611882208923649
1194385646644842497
1194314709471768576
1182304801796833280
1182279653794467842
1182229296510832640
1182113583762558976
1181967586260668416
1175416920813854720
1175141349902946305
1175088515849293826
1182232318200733696
1182128657361448960
1182072021473210370
1182011642760060929
1181992780249391105
1191711540971556867
1191676295370944513
1195355940918304768
1195214878551814145
1195066564309110784
1191724378570076161
1191696679436730368
1191691649379950592
1191580949156417536
1191545680868921351
1191487811863625728
1191475243673632771
1191413566206861314
1184499322374766592
1184489208272097281
1184465304258252801
1184461534023618560
1184456467304407041
1184393556296982530
1184178397905408001
1191520552118345732
1191505457401208832
1191473222761566210
1191465574427176962
1181241552561217536
1181207609027764225
1181194006342066177
1181162282178494470
1181158507984371712
1181037698947178496
1180981092343586818
1180954653690871808
1194625981467766784
1194615908205056000
1194600836984459266
1194505178986303488
1194434744307585025
1194414601997312000
1194364511303749637
1181903170039173122
1181899644625985537
1181836724319789056
1181777576274092033
1181695797701828608
1181656782063706115
1181610230607749120
1181479375377707008
1181469281999040514
1181434068761743361
1181381232665513984
1181298201531432961
1181271758940311552
1191661457819070468
1191651383788933120
1191596050311720960
1191560793847939072
1191550747541954561
1191490339569311744
1191438731678568449
1177432727345410048
1194620976618725379
1194570670639857664
1194469952696340482
1194444803351691264
1181564929922535424
1181549816826007552
1181429423939170304
1181369884711772160
1181354789915025409
1177478015225233408
1177462897003257856
1177398709421846529
1177379846193893382
1177358641411833858
1177345870741889032
1177334564206854144
1177271693305360384
1177508226683719684
1177410209976913920
1177289268894547968
1180973562993229825
1180962204620865538
1180890501979004935
1181233988989591553
1181226453440045056
1181184943109619712
1181139262479183872
1181113205629825024
1181056613790212097
1182295114733019140
1182284650573631495
1182177711185379329
1182148758945124352
1182145379330088960
1182044846355296256
1182022937819467776
1182001541240311808
1181995721530187776
1175396013819011073
1175122533361868800
1175110451774070785
1182818191967473665
1182697395915755520
1181094318439899137
1194638617907470341
1194632794888011776
1194610888554225664
1194590760458424322
1194580688596537344
1194293790653194246
1177621471314755584
1177596808501125122
1177557288057487361
1177538391384240128
1177519522305081346
1177428928878825472
1177387409203453952
1177353409361534979
1177542185404813315
1177391176338616321
1177277935251800064
1177275639159775232
1180901807549292545
1181499492765503490
1181474327427981313
1181317054407888897
1181249330134552581
1191741976271605761
1191636291940749312
1191626240383504384
1191611141786607616
1191606089319616512
1191515478436564992
1191500399192289292
1191485282476068865
1191456356940877826
1191452601713332226
1191910599770411008
1191895505812566017
1191867841554731008
1191757071991087105
1191726875187568640
1191646351257489408
1191601054552604672
1191573626077827072
1194578179807158273
1194558022879784960
1194500165400436737
1194308894748815361
1181559882979393538
1181539770897448961
1181439100596953088
1181426524165152769
1181396301025595392
1181358571872817153
1181305705841795072
1181256657302626305
1175332147940462595
1175258380405026816
1175159966153531392
1175152739367694337
1175101828226330625
1196181227088334848
1195275267125760000
1195270221604495360
1195144392979484672
1195106670013222912
1191998671170215936
1191993629096722432
1191943326943121409
1184435098512494592
1184408668361625600
1184280045902336000
1184268284113408000
1184258929532067840
1184250122798075905
1192074182013734912
1192003713931579392
1191973529035640838
1191953382531055616
1191906818215358467
1181600213053652995
1181519631594459136
1181384985107947530
1181351036931457030
1182289374639210498
1182251476170739713
1182068276526014464
1182007863549595648
1196317121988452352
1196312089679319045
1196196344932765698
1196151042272043009
1183049728122150912
1183038375839883265
1183015744117923840
1182989350751162369
1182898743064039424
1182878566092029957
1182863480417857541
1182807623906795521
1182722552181018624
1182703692493066250
1184443892726468608
1184333184131129344
1184272794936401926
1184263948062867458
1194283788181889025
1194263602275983360
1194137771297914880
1193989624680583170
1193956577642008577
1193940207038533633
1191963444699914242
1191890485784260609
1191857735886950400
1191851442979647496
1191797341294080000
1191762155684667392
1181060338126598146
1180939555194757127
1180886708247773184
1194530344520826880
1194464941379600384
1194449832909430784
1194355798102740993
1191881646716456960
1191877885642059777
1191830078185000960
1191794821519859719
1181245324901408768
1181143400004935680
1181079236062433280
1183024537966907392
1182994334351802369
1182787981100367872
1182732744767488002
1182945187582099457
1182835295143825413
1182757796942626816
1182734700118450176
1175439841808527360
1175428238291677189
1175316805218459648
1175247048595124225
1175135801228845056
1177587455907848195
1177323240991133697
1177266642256039942
1196292004684193792
1196246686982713344
1196156071041220609
1196123358045392896
1196115930935431169
1177598831271321600
1177561064919244800
1177511977846890496
1177483220855611392
1177364777653493763
1177357187309559808
1177349650980003840
1177308139731005441
1177300592395522048
1177270375731871744
1191731976673345536
1191643564557647872
1191565848978296833
1191533105586343936
1191528104214355968
1191489072696565762
1191480267481010181
1191471477251551233
1191436219462410240
1191434969723351041
1182312594914336768
1182262014225321986
1194585738165313537
1194485052660473856
1194393213794160642
1194321493422944256
1196408990340657152
1196377514106597377
1196372504962588672
1196362424791773184
1196284431390171136
1196224020615716864
1181594824161529861
1192064150115115008
1192049011026464769
1191812449764294657
1191787291079008256
1191666460848009216
1191618634453532673
1191583439893479424
1191482773523042304
1191425124962054145
1194273667045318657
1194247657398689792
1194167786110693376
1194095010762907648
1194010684935290880
1193930143913394176
1195378454306476038
1195348267384627202
1195250112152457216
1195116735009042433
1195073942303780867
1195068929925898240
1184476858353623040
1184358335446994944
1184310521392193536
1184278925628919809
1184270936184360961
1184265749625475073
1175420684568281089
1175327068051169280
1175268926537773058
1175244547611381762
1175228181743316993
1175190435469365248
1175167830754504707
1175117441543942145
1182914381987897344
1182842082362318849
1182833277138284544
1182793021215199232
1182782959247593472
1182749810509647874
1182737664992305153
1182853442517291008
1182810625984159744
1182762832833720325
1182742688250118144
1182709980883017729
1184474346787627008
1184353301325910017
1184344479932801024
1184270619086639105
1184199784565006342
1194644108456923136
1194535393414303745
1183005746939777025
1182937458650025984
1182906441260249088
1191749792117997568
1191716806148415490
1191656426692849664
1191631256339005440
1191590988231430147
1191450087068704768
1191422128408727552
1175384207964725253
1175364103302524928
1175311688473686018
1175239505378496512
1175201748476157952
1175130079761981441
1175107436975403020
1175092318359216129
1196400847921569798
1196337267046068231
1196279377304195072
1196120851046969347
1196118334175137794
1196113282987376647
1195240031100776448
1195104151287541760
1195094079752806401
1195086773514309632
1195047529295032327
1192114440721833985
1192028881785688064
1191915921817980938
1191840136104960001
1181203793469476866
1181070560698216448
1181010759901466626
1180958425813045249
1194641090068013058
1194381887206281224
1194328346768707585
1181215121219231745
1181211347822026753
1181200041488375808
1181082992820797440
1181075431199518721
1180928267647365120
1180905601553113090
1196427867837681664
1196392639031058432
1196352373708472323
1196302359871344640
1196231554642698241
1196443030343049221
1196387577533743105
1196140974063411205
1196235342019485701
1196178740843339781
1196127139428474882
1192018804609560577
1191983577669521408
1191920685276381184
1191903048781709313
1192060337438314496
1192056570634481664
1192038937004593153
1192033942800683008
1192008733930541058
1192006223752781824
1191965963282997254
1191958397421273091
1191837612815896576
1191804906446970882
1191772202032652288
1187337949551222784
1187257427248451584
1194968230223327232
1194877646133436416
1194771952143097862
1194763137305759744
1194691475801427968
1195700555802394624
1195693016733945856
1195513069373399041
1195418208309784580
1185797831531085824
1185712247852720130
1185621650299129856
1191722340067037184
1191469683502985219
1194248497459073024
1194147882754072576
1194132745703821313
1194019120158822401
1193971671050399744
1184431318911901696
1184427532675883008
1184419988171608064
1184414453112147968
1184377556042178560
1184374699473670144
1184294073013805056
1184283515753549824
1184257749615628288
1184238790283579393
1184223709235691520
1184185960801689603
1184174662282043392
1184166771701493761
1184163307185422341
1182888642102153216
1182825735427375104
1182777967388348416
1182769620555571201
1182760292368945157
1175062162693382145
1174854462864863232
1196458101932806144
1196453016913793025
1196437928949489665
1196422831401291776
1196293776056209409
1196208908404248582
1175020563519168512
1175011754990067712
1174986621168562176
1191913152641978368
1191891723485622272
1191848604736077829
1191842646861459456
1191827563196375040
1191786531205320706
1184446454846382082
1184381224841822208
1184292856049086469
1184253897566752768
1184157017679781888
1182803080649330688
1194917924110307328
1194819778680147968
1182974258475143168
1182821959421386755
1182747421950074880
1182727593042288640
1184259297099821056
1184246910837776384
1184170856957796358
1194288771145043968
1194218296628961281
1194151092793364480
1194074858214379521
1194023345660006400
1194021997229023232
1194011960695836672
1193986791419842567
1193944011352027144
1196447990166310914
1196367470526898177
1196357391534739456
1196347326199222272
1196266785093369856
1196261823818940417
1196254224910372869
1196176211887697920
1196166133822492677
1196340358336172032
1196307080149446661
1196295741364482049
1196276895702298625
1196226287515373570
1196186303483797504
1196161098250149889
1196105747207196672
1194213267725570048
1194193162392231936
1194162953626492930
1193966674313129986
1194263427478372353
1194102543464439808
1194047178727137282
1194029221900931074
1196281751611625473
1196216461796220929
1196463085801918465
1196327203325259776
1196322192285458432
1196148531985293312
1196432910175391744
1196332229250682881
1196300872575307776
1196286929555410948
1196271843499483136
1196242895306661889
1196135946128961536
1196104145633267714
1194258561133617152
1194155379493654528
1194121416649498626
1194082402580279296
1194006918819467268
1193951557806678017
1194253576748642310
1194208291322286080
1194203205804142592
1194198178926600192
1194067300854444032
1194112610762973184
1194097520751849475
1194042141573558272
1194224128368230401
1194183059047882752
1193941480718716931
1194233398803468288
1194230206652977154
1194032075688611841
1194001881686786049
1193996840544428037
1193976724368904192
1193936446849196032
1184450183284875265
1184276935574261765
1184266891021426689
1184263196905017344
1184202299222179840
1184193520350957568
1184152018165870593
1184148197993865222
1194291319235104769
1194265972116471810
1194217345541136384
1194182521505886209
1194117636201701377
1194057267051745280
1193961618037772297
1194291089592782853
1194272423379636224
1194173004093296640
1194129496871452672
1194125196141236224
1194087441134735362
1193991806247149568
1184605009478148096
1184567220795510785
1194243476919128064
1194240951339884544
1194016974969462784
1193981783546744832
1193964118371377158
1194278705004199937
1194238432559685632
1194222851626283009
1184826425859293189
1184770738567417856
1184563448040034305
1184546710216990721
1184526944546820096
1184502531130646536
1184842768998457344
1184830330018193409
1184730767877951488
1184626353422946306
1184617533866958848
1184582338409308160
1184833079879372803
1184748909794676736
1184715679188094976
1184710649101914112
1184555891250601984
1184688020785639424
1184676692415131650
1184531975564120064
1184514410284572672
1184835230202585089
1184786174319181824
1184652762837082112
1184622579878891525
1184619104050786304
1184609982995730433
1184544545456959488
1184866692284981250
1184740912234192897
1184705628096417792
1184672907278114816
1184592379472420866
1184578538470543366
1184861691395395585
1184812592046530560
1184801306990534657
1184783633158234113
1184776074334539778
1184691784175235074
1184574770202980352
1184549597181566978
1184816400323493889
1184806280738807809
1184767350987460608
1184635144407269376
1184586090621100032
1184540814053167104
1184669145746595840
1184613762537533440
1184600706344464384
1184559659195219969
1184523176086294537
1184766376118046722
1184727714273677312
1184723231200206854
1184720730757521413
1184665380029157376
1184662828000657408
1184638947634356227
1184519395814641668
1184855343601475585
1184846618564202497
1184791179923283968
1184745886494154752
1184725786667945984
1184700578930331649
1184680465816530944
1184657822115610629
1184647731803021317
1184850337368289280
1184794946265595911
1184735821024366592
1184684225406132225
1184631383597244416
1184589938534309888
1184585685333938180
1184574824192061440
1184569724816035842
1184509346853638149
1184839024235692032
1184831473972633600
1184803912756449281
1184756211125833730
1184754677214257152
1184695572609097728
1184655804235993089
1184597430534393856
1184513732178825218
1184821382896668673
1184642692996833281
